job_id,title,company,scale,salary,experience,education,location,keyword,city,city_code,url,jd,hr_active_time,hr_title,confirmed,performed,button_text,confirmed_at,source_run_id
4c2b0f8e6b66844f0nd-09W9EFZS,新能源软件开发,中联重科,,12-24K,5-10年,本科,长沙望城区中联重科智慧产业城总部大楼,基础软件开发,长沙,101250100,https://www.zhipin.com/job_detail/4c2b0f8e6b66844f0nd-09W9EFZS.html,"工作职责：
1开发农机混合动力或纯电驱动系统的嵌入式软件，包括VCU整车控制器、MCU电机控制器、BMS电池管理系统等。
2实现农机的电驱动工作模式（如⽥间作业模式、转场模式、能量回收模式）的逻辑算法。
3编写软件需求、架构及详细设计⽂档，完成模型在环/硬件在环（MIL/HIL）测试。
4与底层硬件⼯程师配合，调试驱动电机、高压附件及电池包的通讯与诊断功能。
任职要求：
1精通C/C++，具备至少⼀种嵌入式实时操作系统（如FreeRTOS、uC/OS、AUTOSAR）下的量产软件开发经验。
2熟悉非道路机械或新能源汽车的整车控制策略（如扭矩协调、跛行回家、高压上下电时序）。
3掌握基于模型的开发工具链（如Simulink、Stateflow）及代码自动生成技术。
4了解ISO 26262功能安全标准在电控系统中的应用基础。",3日内活跃,"中联重科
·
招聘经理",True,True,继续沟通,1784498488.830743,6b2c950eedea4c939a11096cf26726e9
677ac9cbe88ff1270ndz3d-6FVRT,软件开发工程师,爱尔眼科,,10-15K,3-5年,本科,长沙天心区爱尔眼科医院集团股份有限公司(暂停营业),基础软件开发,长沙,101250100,https://www.zhipin.com/job_detail/677ac9cbe88ff1270ndz3d-6FVRT.html,"岗位职责：
1、负责供应链、财务、ERP相关功能开发，负责技术方案设计和系统开发，对系统开发质量负责；                                                
2、学习和了解医疗行业领域基本知识，编写清晰、可读性高、可维护的Java代码，并积极参与代码评审和优化                                                        
3、负责用户体验优化，包括但不限于：业务流程、前端展⽰、性能、安全等        
-
岗位要求：
1、本科及以上学历，计算机相关专业（计算机科学与技术、软件⼯程等）；3-5年及以上Java后端开发经验，具备完整的项⽬全流程开发与上线经验，至少1年Spring Cloud微服务项目实战经验者优先。
2、熟练掌握Java编程语⾔，理解Java核心技术（多线程、并发编程、JVM基础），了解JDK常用版本新特性；熟悉Spring Cloud微服务全家桶（服务注册发现、网关、负载均衡等），熟练使用Spring Boot、MyBatis/MyBatis-Plus等主流框架。
3、熟练掌握HTML5、CSS3、原生JavaScript，熟悉ES6及以上语法，精通DOM、BOM操作；熟练使用Vue框架（Vue2/Vue3），掌握Vue Router、Vuex/Pinia等相关生态，能独立搭建Vue项目架构；熟练运用jQuery进行DOM操作、事件绑定及交互开发，熟悉前端工程化工具（Webpack、Vite等）者优先。
4、熟练掌握MySQL、Oracle等关系型数据库，具备基本的SQL编写、索引优化及事务处理能力；熟悉Redis等主流缓存中间件，了解至少一种消息队列（Kafka/RabbitMQ/RocketMQ）的应用场景即可。
5、了解分布式系统设计原则，熟悉Git/SVN团队协作开发、Maven构建工具；熟悉Linux操作系统，掌握常用Linux命令，能配合完成项目部署、环境搭建及基础问题排查。",3日内活跃,"爱尔眼科
·
招聘经理",True,True,继续沟通,1784498533.3661098,6b2c950eedea4c939a11096cf26726e9
cdd7ece49f5f5af30nF93dS9FlpT,嵌入式软件开发,新印科技,,7-12K,1-3年,本科,长沙开福区金帆大厦(芙蓉中路)金帆大厦12楼,基础软件开发,长沙,101250100,https://www.zhipin.com/job_detail/cdd7ece49f5f5af30nF93dS9FlpT.html,"岗位职责:  
1. 负责嵌入式软件系统的设计、开发、调试与维护工作。  
2. 参与嵌入式产品的整体方案制定，完成软件模块的编码实现和单元测试。  
3. 实现设备与外部系统的通信功能，⽀持常⽤接口协议的开发与优化。  
4. 配合硬件团队完成软硬件集成，开展系统级联调与性能优化。  
5. 编写相关技术⽂档，包括设计说明、测试记录和版本更新日志。
基础要求
1、本科及以上学历，计算机、电子信息、⾃动化、软件工程、通信工程等相关专业，2年及以上打印/复印设备嵌入式软件开发经验，优秀应届生可放宽条件。
2、熟悉办公打印复印设备整机工作原理，了解激光、喷墨打印成像原理及复印机扫描、成像、转印核心流程，有打印机、复印机、一体机研发经验者优先。
技能要求
1、精通C语言，熟练掌握嵌入式软件开发流程，熟练使用QT等开发调试工具，具备扎实的代码编写、调试、优化能力。
2、熟练掌握STM32、ARM架构MCU开发，熟悉FreeRTOS、Linux等嵌入式操作系统的移植、配置与应用开发，掌握串口、I2C、SPI、USB、以太网等常用总线协议。
3、熟悉打印设备核心驱动与控制逻辑，有喷头驱动、定影温控、走纸运动控制、扫描模块开发经验者优先。
4、熟悉无线通信、网络协议，有云打印、无线打印、多终端打印适配开发经验者优先。
5、具备独立排查软硬件联调问题的能力，能够快速定位并解决设备量产及使用过程中的各类软件故障。
综合素质
1、具备良好的逻辑思维、技术钻研能力，严谨细致，责任心强，能独立承担项目模块开发任务。
2、具备良好的团队协作、沟通表达能力，能够高效配合硬件、测试、生产团队推进项目落地。
3、有较强的问题复盘能力，善于总结开发、调试经验，持续优化产品软件方案。
优先条件
1、有得力、兄弟、惠普、佳能等主流办公打印设备厂商研发经验者优先。
2、掌握激光打印机、喷墨打印机、数码复印机核心固件开发，熟悉设备量产流程与可靠性优化者优先。
3、有嵌入式Linux平台打印设备开发、云打印系统适配、多设备兼容调试经验者优先。",3日内活跃,"新印科技
·
HRD",True,True,继续沟通,1784498566.9273229,6b2c950eedea4c939a11096cf26726e9
acbe8c3839da383b03N-2NW-FVZW,高级嵌入式软件开发工程师,长缆科技,,15-20K,5-10年,本科,长沙望城区长缆科技金桥产业园304,基础软件开发,长沙,101250100,https://www.zhipin.com/job_detail/acbe8c3839da383b03N-2NW-FVZW.html,"专业技能要求：1、具备较强的逻辑思维能力，分析判断能力，为人诚恳，有敬业精神，有较好的沟通能力和团队协作精神。
2、具备良好的模电、数电基础，熟悉各类IC、MCU、器件，熟悉STM32、STC单⽚机引脚，了解系统⼯作原理，具备元器件贴⽚焊接能力和硬件调试基础。
3、熟练运用Keil/IAR等设计开发⼯具。熟练使用C/C++进行程序开发。
4、熟悉RS485、以太网、CAN等通信接口，4G、NB-IOT、LoRa等通信方式。
工作描述及职责描述：1、负责研发项目、重点工作、日常工作等嵌入式软件相关工作的具体实施。
2、负责软件方案设计，根据需求分析出具完整的软件设计方案，包括平台选择、整体流程图、功能模块设计等。
3、负责功能代码编写，按软件功能模块对代码进行编写，提供结构清晰、规范、注解完整、可维护的软件代码。代码和技术文档每日上传服务器进行备份。负责软件代码自测。
4、和硬件工程师共同负责软硬件联调，分析整体功能、逻辑、规约一致性等方面问题，修改相关代码等，使其符合设计要求。",本周活跃,"长缆科技
·
人力资源",True,True,继续沟通,1784498599.29659,6b2c950eedea4c939a11096cf26726e9
5edbf2cf6b7b685d1HN53t-8E1VT,嵌入式驱动软件工程师,景嘉微电子,,18-27K·14薪,1-3年,本科,长沙岳麓区景嘉微梅溪湖路1号,基础软件开发,长沙,101250100,https://www.zhipin.com/job_detail/5edbf2cf6b7b685d1HN53t-8E1VT.html,"岗位职责：
1．负责嵌入式 linux 操作系统的内核开发和系统集成；
2．负责 uboot 的移植和驱动开发；
3．负责与数字团队一起验证 SOC 芯片的功能；
4．负责分析 SOC 芯片性能，并与数字团队一起进行软硬件协同优化；
5．负责嵌入 linux 操作系统下设备和总线驱动的开发和适配；
任职要求：
1．学信网本科以上学历，通信、自动化、电子、计算机等相关专业；
2．熟练掌握 C 语言；
3．熟悉 ARM 平台系统启动过程；
4．熟练 linux 系统下的驱动开发；
5．熟悉中断、 MMU 、 cache 、多核等机制；
6．熟悉 linux 内核机制，有内核调优经验；
7．熟悉I2C、 SPI 、 MMC ，网口等外设；
8．具备以下至少一项者优先录用： 
a ．了解基础硬件原理，会看硬件电路图，可以使用示波器等硬件调试设备；
b ．精通 PCIE , DDR , SATA , USB , SRIO 等高速接口调试者优先； 
c ．精通 HDMI 、 EDP 、 MIPI 等显示接口调试者优先。",,"景嘉微电子
·
生命周期室主任",True,True,继续沟通,1784498632.992625,6b2c950eedea4c939a11096cf26726e9
ad467704d0205c5403Fy2N64F1BS,软件工程师,蓝思科技,,13-19K,5-10年,大专,长沙长沙县蓝思科技(长沙)有限公司(㮾梨园区),基础软件开发,长沙,101250100,https://www.zhipin.com/job_detail/ad467704d0205c5403Fy2N64F1BS.html,"工作职责：
1：汽车车载产品相关软件设计开发；
2：具备根据客户输入进行软件可行性分析及评估，提出软件开发思路和建议的能力。
2：根据客户功能定义，具体软件开发实现功能，配合硬件、工艺、制造完成功能在产品的量产导入及确保稳定性；
3：制定软件的测试计划，配合测试工作及验收相关软件；
4：参与软件新平台的开发
5：主导软件有关的的POC样件开发；
任职要求：
1：大专及以上，电子、电子计算、电气工程、自动化、车辆工程等相关专业；
2：5年以上汽车车载相关软件产品设计开发经验；
3：2款以上主流MCU/SOC开发应用的实绩。
4：熟悉常用的通信协议与通信方式；良好的数电、模电基础，熟悉CAN/LIN，AD或PADS，Keil MDK/Codewarrior/Code Composer Studio/AURIX Development Studio等专业开发软件；会Matlab/Simulink/HIL仿真建模软件、会CANoe/CANtest/CANopen等测试工具；
5：工作积极主动性强，责任心强，具备较好的沟通协调能力，有团队意识；
6：熟悉APQP、FMEA、PPAP等汽车五大工具；",刚刚活跃,"蓝思科技
·
招聘专员",True,True,继续沟通,1784498665.978852,6b2c950eedea4c939a11096cf26726e9
18b7bac573fbd86d0nB_2NS6FVpR,软件开发工程（擅长AI）,高阳通联,,9-14K,3-5年,本科,长沙岳麓区润和金融中心22楼,基础软件开发,长沙,101250100,https://www.zhipin.com/job_detail/18b7bac573fbd86d0nB_2NS6FVpR.html,"一、工作职责
1、AI 高效开发： 熟练运用Claude Code、Codex、Cursor等⼯具，倍速完成后端代码编写、重构与 Bug 修复。
2、核⼼后端研发： 负责业务系统的 API 开发、数据库设计、⾼并发与分布式架构优化。
3、全流程提效： 利用 AI 辅助生成测试⽤例、技术文档，将精力聚焦于业务逻辑抽象和系统设计。
4、技术迭代： 持续探索 AIGC/Code LLMs 前沿工具，提炼 Prompt 最佳实践并赋能团队。
二、 任职要求
1、硬实力： 2-5年经验，计算机基础扎实。精通 Java/Go/Python/Node.js（至少一种），熟练掌握 MySQL、Redis；拥有前端开发能力作为加分项。
2、AI 技能： 熟悉Superpowers、OpenSpec、SDD 规格驱动开发者, 必须是 AI 编程工具的重度玩家，优先考虑能驾驭 AI 生成生产环境代码。
3、软实力： 极强的自我驱动力与学习速度，拥抱技术变革，年轻、脑子灵、解决问题速度快。",刚刚活跃,"高阳通联
·
HR",True,True,继续沟通,1784498699.5877278,6b2c950eedea4c939a11096cf26726e9
90f1525b1a2c59190nV-29-8GFVW,高级android软件工程师,灰度科技,,15-20K·14薪,3-5年,本科,长沙岳麓区兴工国际工业园15栋4层402-1,基础软件开发,长沙,101250100,https://www.zhipin.com/job_detail/90f1525b1a2c59190nV-29-8GFVW.html,"1、本科以上学历，计算机相关专业，有扎实的Java语言基础；
2、Android项目开发经验；
3、熟悉Android框架及各种特性，熟悉面向对象编程；
4、熟悉网络编程、安卓UI框架及相关开发⼯具；
5、熟悉Android的线程机制，能够熟练使⽤各种安悉Android系统的线程类，及service、
⼴播等；
6、熟悉SVN或Git等相关的代码管理工具；
7、熟练掌握UDP/TCP/IP、http等网络协议，精通协议设计；
1、Android应⽤开发
2、有flutter等混合开发经验优先
3、有鸿蒙开发经验优先
4、有iOS开发经验优先
5、有framework开发经验优先
6、有客制化rom开发经验优先",3日内活跃,"灰度科技
·
资深招聘",True,True,继续沟通,1784498743.956479,6b2c950eedea4c939a11096cf26726e9
fa3d048c4c58128d03J42tW4FFRX,电机控制器软件工程师,健科电子,,18-30K·14薪,3-5年,本科,长沙望城区长沙市健科电子有限公司,基础软件开发,长沙,101250100,https://www.zhipin.com/job_detail/fa3d048c4c58128d03J42tW4FFRX.html,"岗位职责：
1、负责汽车电子控制器（如VCU、BMS、ADAS域控制器等）的底层驱动开发、RTOS移植及BSP调试；
2、基于AUTOSAR架构（Classic/Adaptive）开发应用层软件组件（SWC），实现需求功能；
3、开发CAN/LIN/Ethernet通信协议栈（如CANoe配置、DoIP诊断）；
4、与硬件、算法团队协作完成控制器软硬件集成。
任职要求：
1、本科以上学历，2年以上汽车电子行业软件开发经验；
2、精通C/C++编程，熟悉嵌入式开发（ARM Cortex-M/A系列）；
3、掌握基础汽车电子知识（ECU工作原理、A2L文件、DBC解析）；
4、有AUTOSAR项目经验（如EB tresos/ETAS ISOLAR）。",3日内活跃,"健科电子
·
招聘主管",True,True,继续沟通,1784498777.641001,6b2c950eedea4c939a11096cf26726e9
75faeb904313a64d03V73NW6EFtT,电机控制软件工程师（水泵）,麦格米特,,11-18K,3-5年,本科,长沙长沙县麦格米特长沙全球研发中心,基础软件开发,长沙,101250100,https://www.zhipin.com/job_detail/75faeb904313a64d03V73NW6EFtT.html,"岗位职责:
1. 根据客户要求，规划和设计直流无刷离心水泵产品软件，满足客户功能需求；
2. 熟悉FOC等算法，能识别不同方案商的软件控制优劣；
3. 持续改进产品功能和算法，设计优秀的直流无刷水泵类产品；并能协助生产部门解决批量问题。
任职要求:
1.统招本科及以上学历，电力电子、流体或计算机相关专业；
2.3年以上直流无刷电机控制软件开发经验，对直流水泵驱动原理、算法等基础理论知识有一定了解的优先；
3. 熟练使用C语言编程，可以根据市场需求快速跟进产品软件功能；
4.具备较良好的沟通能力，抗压力能力、执行力， 有时间管理理念，能高效率计划、完成工作任务。",3日内活跃,"麦格米特
·
HRBP",True,True,继续沟通,1784498812.1410828,6b2c950eedea4c939a11096cf26726e9
3a2574e99623e0d00nF409m5GVtU,营销系统开发高级主任工程师,隆基绿能科技,,15-22K,5-10年,本科,西安未央区隆基绿能科技股份有限公司,分布式系统开发,西安,101110100,https://www.zhipin.com/job_detail/3a2574e99623e0d00nF409m5GVtU.html,"岗位职责：
1.	根据业务需求负责营销与渠道管理相关系统的详细分析、架构设计、开发实现、测试及部署等工作。
2.	负责内部系统开发项目的计划制定、开发进度把控、质量控制、风险管理等工作，并落实开发计划执行。
3.	解决系统开发过程中的框架及关键技术问题、BUG修复及技术⽀持。
4.	制定系统开发⼯作中的设计规范及开发规范，推动开发过程的持续改进及优化。
5.	负责营销平台底座及已上线业务系统的应⽤管理、运行监控、问题排除、故障修复及持续优化改善等工作。
 
岗位要求：
1.	计算机及相关专业毕业，全⽇制本科及以上学历，8年以上J2EE开发经验，3年以上微服务开发经验、熟练掌握常用微服务组件的使用。
2.	具备AI应用场景相关项目/需求开发落地经验，能够将AI能力有效集成到业务系统、解决实际问题。
3.	具备扎实的JAVA编程基础，熟练使用Spring、SpringMVC、MyBatis、SpringBoot等技术框架。
4.	至少精通一种以上关系型数据库(Oracle、MySQL), 熟练掌握SQL语言，具有SQL代码优化经验，具有读写分离、分库分表实践经验；熟练使用Redis缓存技术。
5.	熟悉容器相关技术，Docker、Kubernetes、Rancher、Harbor等。
6.	熟悉CI/CD（持续集成、部署）等相关知识及工具(Git、Jenkins)。 
7.	熟悉大型分布式系统设计与开发，并具备应用服务器、MQ（RabbitMQ或Kafka）、等实战经验。
8.	具有良好的沟通能力，能够适应团队协同开发的需要。善于学习并能承受较高的工作强度。
9.	具备营销与渠道管理相关系统（如CRM、DMS）、在线商城、互联网产品开发经验，移动端App/微信小程序开发经验，熟悉领域驱动设计（DDD）等方面经验者优先。",,"隆基绿能科技
·
招聘者",True,True,继续沟通,1784498866.777605,6b2c950eedea4c939a11096cf26726e9
c28cc6eaa3cd058a03x82tS-EFRV,Java研发工程师-商业化系统,蚂蚁集团,,15-30K·15薪,1-3年,本科,西安雁塔区软件新城云汇谷C3,分布式系统开发,西安,101110100,https://www.zhipin.com/job_detail/c28cc6eaa3cd058a03x82tS-EFRV.html,"职位描述
1. 参与OceanBase公共云产品商业化支撑系统的设计和开发工作，包括但不限于账号系统、营销系统、商品系统、交易售卖系统、实例生命周期管理系统、计量计费系统、资金账户系统，客服⼯单系统，项⽬交付系统等。
2. 与OceanBase公共云产品上下游展开紧密协同，包括但不限于CRM系统、财务结算系统、云产品管控系统等。
职位要求
1. 全⽇制本科以上学历，3年以上Java工作经验。
2. 熟练掌握Java编程语言，扎实的数据结构和算法基础，熟练掌握SpringBoot/SpringCloud/Mybatis等主流开发框架，有良好的编程习惯。
3. 熟悉Web开发、⽹络编程、多线程并发编程等技术，熟悉常用的设计模式、关系型数据库，熟悉分布式缓存、消息等中间件。
4. 对技术有强烈的兴趣，喜欢钻研，具有良好软件工程和质量意识。
5. 具备独立的问题分析和解决能力，具备优秀的团队合作精神。
6. 具备电商交易售卖系统或运营商/云计算BOSS系统开发工作经验者优先。",3日内活跃,"蚂蚁集团
·
招聘HR",True,True,继续沟通,1784498904.091316,6b2c950eedea4c939a11096cf26726e9
7ee29c1c923efb6f0nF829S9EFpU,圆通国际后端开发岗,先达国际,,12-23K,3-5年,本科,西安雁塔区软件新城云汇谷-C2栋C2栋软件研发基地2期C2-4楼,分布式系统开发,西安,101110100,https://www.zhipin.com/job_detail/7ee29c1c923efb6f0nF829S9EFpU.html,"岗位描述：
1. 参与公司核心系统的技术选型，架构搭建、设计及研发实施等；
2. 负责技术难题预研与攻关，解决系统中关键问题，对系统稳定性负责；
3. 参与核心架构部分代码编写；
4. 关注新技术发展方向并探索新技术的实际应用。
任职要求：
1、计算机科学、软件⼯程或相关专业本科及以上学历，具有扎实的计算机基础知识，2年及以上java开发经验；
2、熟悉常⽤Java框架和类库，如Spring Boot、MyBatis、Hibernate等；
3、熟悉关系型数据库（如MySQL等）和NoSQL数据库（如HBase、MongoDB、Redis等）的使⽤和优化；
4、熟悉分布式系统的原理和架构，具备分布式、高并发、高可⽤系统的设计和开发经验；
5、具有良好的问题分析和解决能力，能够独立承担技术难题；
6、良好的系统化思考能力，沟通协作能力，抗压能力；
7、执行力强，保证项目如期完成；
8、具有良好的团队合作精神，能够积极与团队成员沟通和协作。",刚刚活跃,"先达国际
·
人才招聘",True,True,继续沟通,1784498949.756074,6b2c950eedea4c939a11096cf26726e9
192d60e6dd1f0e090nR72ty5F1JX,Android系统开发工程师(J12013),诺瓦星云科技股份,,15-30K·13薪,5-10年,本科,西安雁塔区诺瓦科技产业化研发基地(建设中)陕西省西安市高新区软件新城云水二路诺瓦科技园（东门进入）4号楼一层大厅,分布式系统开发,西安,101110100,https://www.zhipin.com/job_detail/192d60e6dd1f0e090nR72ty5F1JX.html,"工作职责:
1.  负责Android系统在主流芯片平台上的移植、定制与优化，包括U-Boot、Kernel、Device Tree的配置与调试。
2.  负责Android多媒体子系统（Stagefright/MediaCodec, AudioTrack, Surface等）的定制与深度优化
3.  开发和维护外设驱动程序，如USB、Wi-Fi/蓝牙、HDMI、显⽰、⾳频、GPU等，确保硬件功能完整、性能最佳。
4.  定制Android Framework层，包括电源管理、显⽰系统、音视频管道等，以支持低延迟、⾼画质的投屏需求。
5.  与硬件工程师紧密协作，参与硬件选型、设计评审，负责新硬件的bring-up和调试，解决底层硬件兼容性问题。
6.  进行系统性能分析与调优，定位和解决内存、功耗、显示、音频等领域的疑难问题。
7.  构建和维护自动化编译与烧录系统，提升团队开发与测试效率。
任职资格:
1.  本科及以上学历，计算机、电子工程等相关专业，5年以上Android底层开发经验。
2.  精通Java/Kotlin，熟悉C/C++，熟悉ARM体系结构，具备扎实的操作系统和计算机体系结构知识。
3.  具备丰富的嵌入式Linux/Android系统移植经验，至少在一个主流芯片平台（RK、Amlogic、MTK、全志等）上有完整的量产项目经验。
4.  深入理解Linux内核机制，能独立进行驱动开发、调试和优化（如V4L2、ALSA、Display等子系统）。
5.  熟悉Android系统框架、启动流程、HAL层、Framework底层模块、Framework Service、Native层或驱动层开发工作（如SurfaceFlinger, AudioFlinger）。
6.  熟悉使用常用调试工具AndroidStudio、GDB、嵌入式开发调试工具（如串口、JTAG、Trace32， 内核/性能分析工具）。
7.  深入理解Android多媒体框架，对MediaCodec、MediaExtractor、Surface、AudioFlinger等有实际开发或调优经验。
8.  具备良好的团队精神和沟通意识，工作态度积极主动，责任心强。
9. 有网络流媒体、DLNA、WebRTC等相关经验者，熟悉H.264/H.265标准，有FFmpeg、GStreamer或硬件编解码器（V4L2, OMX IL）开发经验者优先；",3日内活跃,"诺瓦星云科技股份
·
招聘专家",True,True,继续沟通,1784498984.352895,6b2c950eedea4c939a11096cf26726e9
c0dca4510a8c93d41HB40t-5E1JX,系统开发工程师,西安铂力特,,11-18K,3-5年,本科,西安长安区西安铂力特增材技术股份有限公司上林苑七路1000号,分布式系统开发,西安,101110100,https://www.zhipin.com/job_detail/c0dca4510a8c93d41HB40t-5E1JX.html,"岗位职责：
1.负责公司SAP ERP、MES、OA、WMS等系统的二次开发与集成开发建设工作。
2.参与模块功能的技术选型，制定系统需求开发解决方案，编写相关设计文档。
3.根据设计方案，独立负责功能模块的代码实现和单元测试，严格遵循团队的代码规范与开发流程，确保代码的高质量交付。
4.与业务顾问紧密合作，准确理解业务需求，将其转化为技术实现，并持续优化系统功能。
5.负责对接上下游系统，根据业务需求设计并实现稳定高效的集成接口，并主导完成系统间的集成联调工作。
6.参与公司数字化、智能化的规划，并负责部署与实施落地。
任职资格：
1. 统招本科学历，计算机相关专业；
2. 有3年及以上制造业相关信息系统（ERP/PLM/MES/WMS等）开发经验；
3. 精通ABAP编程语言，熟悉SQL及数据库优化；
4. 熟悉前端技术，掌握主流后端开发框架与工具，具备集成接口开发能力；
5. 逻辑思维能力较强，有一定的组织与协调能力；
6. 善于思考、主动积极，沟通能力强，有较强的项目管理意识，有团队意识，能够承担压力。",3日内活跃,"西安铂力特
·
HRBP",True,True,继续沟通,1784499040.250054,6b2c950eedea4c939a11096cf26726e9
75f294e5bb0f8baa0nB60t-5ElFY,系统开发工程师(J10482),上海易景信息科技...,,15-30K,3-5年,本科,西安雁塔区大华股份西安数智产业园3号楼607,分布式系统开发,西安,101110100,https://www.zhipin.com/job_detail/75f294e5bb0f8baa0nB60t-5ElFY.html,"工作职责:
1、负责智能家居 / 智慧建筑整体系统方案设计，含智慧屏、开关、传感器、网关的系统架构与互联互通设计。
2、主导系统联调、协议适配、场景联动，保障设备稳定、可靠、兼容运行。
3、对接客户分析技术需求，完成系统规格定义、PQCS关键项对齐、变更管理与风险管控。
4、负责系统性能、稳定性、兼容性验证，制定测试⽅案并推动问题闭环。
5、⽀撑样品评审、试产导⼊，解决系统层面关键技术与交付问题。
输出系统方案、接口规范、集成指南，对内对外做技术对齐与培训。
任职资格:
1、本科及以上，电⼦、自动化、软件工程、物联网等相关专业，3 年以上智能家居 / 楼宇控制系统开发经验。
2、熟悉IoT 系统架构，掌握至少一种总线 / 无线协议（KNX、BLE、WiFi、MQTT、Modbus）。
3、熟悉 RTOS 或 Linux 和Android系统的智能家居产品的系统架构。
4、能够独立完成各智能家居系统/平台的对接，以及跨平台系统之间的联动。
5、具备系统方案设计、需求拆解、风险识别能力，能独立主导系统联调与客户技术对接。
6、有智慧中控屏、网关、智能开关、楼宇自控项目经验，熟悉量产交付流程优先。
7、沟通协调能力强，能对齐客户、研发、供应链，推动跨部门问题解决。",3日内活跃,"上海易景信息科技...
·
招聘专家",True,True,继续沟通,1784499073.117611,6b2c950eedea4c939a11096cf26726e9
481b56522591783f0nF82925FVZS,软件开发工程师,超聚变技术有限公司,,15-30K·13薪,3-5年,本科,西安雁塔区西安超聚变数字技术有限公司1,分布式系统开发,西安,101110100,https://www.zhipin.com/job_detail/481b56522591783f0nF82925FVZS.html,"职位描述
1.负责 ERP 产品功能开发、版本迭代及核心模块建设；
2.参与需求分析、技术方案设计和系统架构优化；
3.负责核心模块编码实现，持续优化系统性能、稳定性和可维护性；
4.参与跨模块联调、集成测试及线上问题定位修复；
5.编写技术文档，沉淀开发规范和最佳实践。
任职要求
1.学历与经验：本科及以上学历，计算机、软件⼯程、信息管理等相关专业，3 年及以上 Java 开发经验；
2.核⼼技术栈：精通 Java ⾼级技术栈，熟悉 JVM 原理、并发编程、设计模式、微服务架构、性能调优及生产问题排查，具备复杂业务系统设计与落地能力；
3.框架与中间件：熟悉 Spring Boot、MyBatis 等主流开发框架；熟悉 Redis 缓存设计和性能优化；熟悉 Kafka / RocketMQ 等消息中间件，具备异步解耦、削峰填⾕等项目实践经验；
4.数据库技术：熟悉关系型数据库，能够独立完成复杂 SQL 编写和性能优化。有 PostgreSQL 使用或开发经验优先，熟悉 MySQL、openGauss、OceanBase 等；
5.云原生架构：具备一定云原生应用开发经验，了解容器化、微服务架构和服务治理；
6.系统排查能力：熟悉 Linux 常用命令及应用部署、日志分析，能够独立定位和解决常见生产问题；
7.业务经验：熟悉 ERP 产品研发流程或 ERP 任一模块者优先，有分布式系统开发经验、良好的沟通协作能力和问题解决能力。
8.AI Coding：能熟练使用Cursor、CodeBuddy、VS Copilot等AI开发工具进行AI编程，熟练编写Skill、MCP等优先
加分项
1.有 ERP、企业管理软件、大型业务系统研发经验；
2.有高并发、高可用、分布式系统设计经验；
3.有 JVM 调优、微服务治理、线上故障应急处理经验。
我们希望你
1.具备扎实的 Java 技术功底和良好的工程能力；
2.能独立负责模块开发并推动问题闭环；
3.对企业软件、ERP 业务场景有兴趣，愿意持续深耕。",刚刚活跃,"超聚变技术有限公司
·
招聘专家",True,True,继续沟通,1784499130.262233,6b2c950eedea4c939a11096cf26726e9
34928c33059c23fd0nB909S7FFNT,c++软件开发工程师,深圳市新凯来技术,,18-35K·15薪,3-5年,本科,西安长安区西安高新区数字经济产业园数字园,分布式系统开发,西安,101110100,https://www.zhipin.com/job_detail/34928c33059c23fd0nB909S7FFNT.html,"任职要求
1. 电⼦、通信、计算机、控制、软件等相关专业本科以上学历，良好的英语读写能⼒；
2. 具有C/C++开发经验，掌握常⽤的数据结构和算法；
3. 熟悉分布式内存、数据处理、数据模型算法者优先；
职位信息
1. 负责Linux分布式系统、平台通信、内存管理、实时诊断等功能设计和开发；
2. 负责大规模系统软件的设计和交付，包括嵌入式软件开发，多线程多任务调度；
3. 能带领团队主导重点项⽬和疑难问题的技术攻关，对系统的稳定性和性能负责者优先；",刚刚活跃,"深圳市新凯来技术
·
研发",True,True,继续沟通,1784499211.2569861,6b2c950eedea4c939a11096cf26726e9
f81dda0cb4e0cb870nV-2ti6FlFU,C++软件开发工程师,华峰测控,,13-22K·14薪,3-5年,本科,西安雁塔区和利时西北总部基地,分布式系统开发,西安,101110100,https://www.zhipin.com/job_detail/f81dda0cb4e0cb870nV-2ti6FlFU.html,"岗位职责：
■ 基于C++17及以上标准负责 ATE 自动化测试平台软件核心模块的全流程研发，包含需求分析、架构设计、功能编码、联调优化、版本迭代。
■ 基于Zero ICE 中间件设计并实现 ATE 平台多服务低耦合架构、RPC 远程调用接口，封装标准化的 Ice 通信接口，保障跨模块 / 跨终端的稳定互联与高效交互。
■ 负责VSCode 插件中间件及 LSP（语⾔服务器协议） 开发，定制化开发 VSCode 专属插件，实现 ATE 测试程序的语法校验、智能提⽰、代码补全、断点调试等核⼼能力，赋能测试程序高效开发。
■ 开发 ATE 平台核⼼业务功能，包含测试流程控制、数据采集分析、测试程序开发/debug工具、结果校验统计、硬件异常容错告警，适配产线批量测试的高并发、高实时性要求。
■ 基于 C++17及以上标准特性完成平台代码重构与性能优化，解决内存泄漏、死锁、资源竞争等技术问题，持续提升测试平台的运行效率与稳定性；独立排查并解决分布式通信、LSP 插件适配、软硬件联调中的各类技术问题。
■ 编写标准化技术文档（接口文档、设计文档、开发手册），协同硬件、测试、产品团队对齐需求与方案，保障项目高效交付，提供现场技术支持与版本迭代优化。
任职要求：
● 本科及以上学历，计算机科学与技术、软件工程、电子信息工程、自动化、测控技术与仪器、通信工程等计算机类、电子类、自动化类相关专业
● 具备扎实的计算机基础：数据结构、算法、操作系统、计算机网络，能独立解决开发中的内存泄漏、死锁、高并发等技术问题。
● 精通 C/C++ 开发，熟练掌握 C++17 及以上标准，扎实掌握面向对象 / 泛型编程、STL 标准库，精通内存管理、多线程并发、原子操作，能独立解决 C++ 开发中的内存泄漏、死锁等问题。
● 具备Zero ICE（Ice）中间件实战开发经验，熟练编写 Slice 接口文件，完成分布式服务端 / 客户端开发，掌握对象适配器、异步调用、线程池配置等核心能力，能独立搭建分布式通信架构。
● 熟练使用 VSCode 开发工具，掌握 CMake 编译构建，具备 Windows/Linux（Ubuntu/CentOS）跨平台 C++ 开发与部署能力，代码规范、注释清晰。
● 具备独立完成模块设计、编码、测试、联调的全流程能力，较强的问题定位、技术攻坚和需求理解能力，能高效输出各类技术文档。
● 责任心强、工作严谨细致，具备良好的团队协作与跨部门沟通能力，能主动跟进技术迭代，适配项目技术升级需求。",3日内活跃,"华峰测控
·
招聘HR",True,True,继续沟通,1784499255.531476,6b2c950eedea4c939a11096cf26726e9
c1bf8a672e39e26e0nB639m8EVVX,java软件开发工程师（西安）,浪潮通用软件有限公司,,10-15K,3-5年,本科,西安雁塔区中铁西安中心锦业路南,分布式系统开发,西安,101110100,https://www.zhipin.com/job_detail/c1bf8a672e39e26e0nB639m8EVVX.html,"核心职责
1、负责公司应用系统的设计、开发与维护，包括新功能模块的实现及现有系统优化。
2、参与项目需求分析，完成系统架构设计与代码实现。
3、编写高质量、可维护的 Java 代码，确保系统稳定性、安全性和可扩展性。
4、负责项⽬部署、调试及⽇常运维，及时响应并解决系统运⾏中的问题。
持续优化系统性能，提升系统响应速度与资源利用率。
5、参与技术方案评审、代码审查及团队知识共享，推动团队技术能⼒提升。
任职资格
1、本科及以上学历，计算机科学与技术、软件工程等相关专业。
2、2年以上 Java 开发经验，熟悉 Spring、Spring Boot、MyBatis 等主流开发框架，具备前后端全栈式开发能力优先。
3、熟练掌握 MySQL 等关系型数据库，具备 SQL 优化能力，了解 Redis 等缓存技术者优先。熟悉分布式系统开发，了解微服务架构，有使用 Docker、Kubernetes 等云原生技术经验者优先。
4、熟悉金融行业业务优先，熟悉银行银企、境外银行、养老金、资金管理、司库等业务开发优先。
5、具备良好的逻辑思维能力、沟通协调能力和团队协作精神，能承受一定工作压力。",3日内活跃,"浪潮通用软件有限公司
·
HR",True,True,继续沟通,1784499687.105623,6b2c950eedea4c939a11096cf26726e9
92fbae9e4ba5a776031z2tW-FVBU,中高级运维开发工程师(J10234),星纵物联,,12-20K·15薪,3-5年,本科,厦门集美区厦门星纵智能大楼厦门市软件园三期C09栋,中间件开发,厦门,101230200,https://www.zhipin.com/job_detail/92fbae9e4ba5a776031z2tW-FVBU.html,"职位描述
1、负责Linux环境服务器的配置、调优、故障处理和日常巡检工作。
2、负责全球云服务的业务项目安装部署和发布。
3、负责全球云服务的部署、发布、监控、容量、弹性伸缩等管理及方案制定。
4、负责全球私有化系统实施部署交付和验收测试。
5、负责项⽬完整⽣命周期内各阶段的运维⼯作，对突发事件的快速响应、定位及处理，排除故障，保障系统稳定性。
6、负责重大项目的的技术保障与技术实施攻关。
职位要求
1、统招本科以上学历，计算机或相关专业。
2、具备扎实的计算机基础知识，对硬件和⽹络有深入理解。
3、熟悉阿里云ECS、OSS、SLB、K8S等或者其他云厂商（如：AWS/腾讯云/华为云等）云产品及基本原理。
4、熟悉Shell/GoLang/Python中的任意一种及以上，具备相关语言编写及问题排查经验。
5、熟悉常见的中间件配置管理和运维工具，如：MySQL、Redis、Nacos、Jenkins等。
6、 熟悉Kubernetes、docker、kvm虚拟化等相关技术优先。
7、具有私有化系统实施部署交付和验收测试经验优先。
8、有实际项目管理与落地主导的经验优先。
9、 具备良好的沟通、组织协调能力和强烈的责任心，具备分析和解决问题的能力，有较强的跨团队协调能力且抗压能力强。
10、热爱技术，自我驱动，主动思考，不断钻研和探索新领域，有较好的技术敏感度、风险识别能力和全局意识。",3日内活跃,"星纵物联
·
HRBP",True,True,继续沟通,1784500054.868702,6b2c950eedea4c939a11096cf26726e9
baab7c65f9d571360nF82Nq_FVRS,ERP系统开发工程师,容大科技,,10-15K·13薪,5-10年,本科,厦门同安区容大合众(厦门)科技集团股份公司,中间件开发,厦门,101230200,https://www.zhipin.com/job_detail/baab7c65f9d571360nF82Nq_FVRS.html,"主要职责与工作任务:（主要是ERP金蝶）
1、根据各业务流程的不断改进，完善相应的ERP流程，进行二次开发;
2、负责ERP系统的⽇常维护，保证ERP系统的安全正常运⾏:
负责新业务系统的需求调研，组织开发，测试，部署和升级实施等⼯作;
3.负责新业务系统的需求调研，组织开发，测试，部署和升级实施等工作;
4、负责ERP系统的培训，权限管理(含编写培训文档、使⽤手册及权限手册);
5、负责ERP系统数据的日常检查工作:
6、负责ERP系统与其它异构系统(MES、PLM等)对接开发:
7、领导交办的其它工作
任职资格:
1、教育背景:本科及以上学历。
2、工作经验:具有3年以上 ERP 系统实施、维护或开发经验，
3、专业技能:具备扎实的计算机技术基础，熟悉数据库原理和 SQL语言，掌握系统集成技术(APIeb Service/中间件)，熟悉 ERP 系统的功能模块和业务流程，具备较强的系统分析和设计能力。具备良好的问题解决能力和故障排查能力，能够快速定位和解决系统问题。具有ERP功能开发能力(熟悉ABAP/Java/Python/.NET其中一种)
4、素质要求:逻辑思维严谨，能抗压，沟通表达能力强、有团队合作精神、责任心强、敬业心强、有较强文档功底
5、其他要求:工作认真负责;",刚刚活跃,"容大科技
·
招聘主管",True,True,继续沟通,1784500135.287223,6b2c950eedea4c939a11096cf26726e9
4b306b1af183100c03F739m6EVpZ,软件开发经理,巨龙信息,,12-16K,5-10年,本科,厦门湖里区厦门国家火炬高新区四楼,中间件开发,厦门,101230200,https://www.zhipin.com/job_detail/4b306b1af183100c03F739m6EVpZ.html,"任职要求
1、5年以上软件开发经验，语言不限;
2、前端后端都有一定的开发经验;
3、关注业务需求理解能力和软件规划设计能力
4、理解沟通与协作的必要性和重要性
5、认同高效率的价值;
岗位职责：
1、需求的沟通
2、开发工作组织
3、组织架构设计
4、部分核心代码开发
5、保障团队工作效率和质量",本周活跃,"巨龙信息
·
总经理",True,True,继续沟通,1784500271.218477,6b2c950eedea4c939a11096cf26726e9
9e2608a3e57135680nV53tS4EFdW,基础软件开发工程师 (安全气囊控制器)_SO,SO,,15-30K,3-5年,本科,苏州吴中区博世汽车部件(苏州)有限公司(星龙街),基础软件开发,苏州,101190400,https://www.zhipin.com/job_detail/9e2608a3e57135680nV53tS4EFdW.html,"Job Description:
1. 负责基于AutoSAR架构的嵌入式底层软件开发，包括MCAL配置、BSW模块开发（ECU抽象层、服务层）、RTOS适配。
2. 开发符合AutoSAR标准的CAN通信栈、基于CAN诊断协议UDSonCan、存储管理NVM，ECU状态管理等。
3. 开发ASIC 驱动(SPI驱动、自检流程、看门狗、故障诊断、功能驱动等)，Sensor驱动等。
4. 根据需求制定链接脚本文件，设计软件MemMap，实现软件及数据的Section分割。
5. 使用测试⼯具（如VectorCast）进⾏单元测试，使⽤Vector CANoe/CANalyzer等软件进行软件系统功能验证。
6. 参与ECU软件需求分析、架构设计及V流程开发（需求→设计→代码→测试）。
7. 优化底层软件性能（实时性、内存占用、启动时间等），解决汽车电⼦领域的低功耗、EMC、功能安全等问题。
8. 配合硬件团队完成硬件-软件协同设计，设计测试软件支持硬件测试。
编写符合汽车行业标准的技术文档（如DFMEA、需求分析、软件详细设计等）。
 Job Qualification:
1. 本科及以上学历，电子工程、计算机、车辆工程等相关专业。
2. 3年以上汽车电子嵌入式开发经验，熟悉AutoSAR Classic开发流程。
3. 对Autosar Mem Service（Nvm/Fee/Fls）有深入理解,有在两个以上MCU应用Mem Service的经验。
4. 理解Cyber Security（HSM/SecOC），有信息安全相关开发或测试经验。
5. 对MCU工作机制有较深理解，熟悉至少一种内核指令(如Arm,PowerPC,Tricore等)。
6. 深入理解实时操作系统(RTOS)工作原理，对中断调用、任务切换、任务调度、堆栈使用、任务上下文切换有较深理解。
7. 有至少一种实时操作系统使用经验，能够分析任务负荷率，并能给出优化方案。
8. 深入理解MCU外设(如CAN/ADC/SPI/GTM等)工作原理，能够独立开发满足苛刻时间限制的驱动程序。
9. 扎实的C能力，熟悉汽车电子通信协议（CAN/CAN FD）、诊断协议（UDS）、CAN网络管理协议等。
10. 能够熟练使用调试工具(如Lauterbach, E2, i-System等)对软件进行在线调试、多核联调。
11. 至少一种AutoSAR工具链实际使用经验（Vector Davinci/EB Tresos/ETAS ISOLAR等），掌握MCAL配置、BSW模块开发。
12. 了解车载ECU硬件基本原理，理解硬件设计原理，协同硬件开发人员完成硬件功能测试。
13. 了解汽车功能安全标准ISO 26262熟悉ASIL等级划分及安全机制设计，有ASIL C/D等级产品开发经验。
&#xa0;
博世集团网上招聘数据处理同意声明&#xa0;
个人信息及目的：你的如下个人信息将被处理并用于招聘：姓名、电子邮箱、电话号码、所在地区、经验和教育信息、简历等应聘者自主提交的附件信息、证件号、职位、部门、计划入职日期、劳动合同持续时间、工作地点、月薪、年薪、浮动奖金比例、餐贴、车贴。&#xa0;博世将依据相关的数据保护法规，在全球范围内对您的数据进行保密。招聘流程中，您的个人信息只有在必须时才会被提供给博世以外的第三方机构(如代理机构)。博世精心挑选了第三方机构并与之签订了保密合同。博世采取了种种保密措施以保护您的数据，确保其不会遭受操纵、丢失、破坏、未经授权的访问或泄漏。我们的安全措施将随着新技术的应用而不断升级。您的本地浏览器和我们的人才招募系统之间的数据传输通过https加密。&#xa0;特定职位申请：申请博世集团的职位就意味着您将自己的个人信息提供给博世集团旗下相应的法律实体（具体请见博世集团法人清单）。请注意，若有任何文件或资料变更，请在所有申请书里一并变更。人力资源部门的员工可能与您联系，询问您是否同意将您的求职申请转向博世集团内部另一合适职位。如果您申请了特定职位，那么只有在您同意的情况下，博世才会将您的求职申请转向另一职位。&#xa0;您可以随时撤回求职申请，博世将根据相关法律删除您的个人信息。与您的申请相关的所有资料将被保留至24个月。您的权利：若您希望停止向博世提供您的个人信息，可联系我们或通过博世网上招聘数据隐私声明中的BKMS系统提出申请。您可以在SmartRecruiters平台查阅和修改您的简历。您对您的个人信息的处理享有知情权、决定权，您有权限制或者拒绝我们对您的个人信息进行处理。您还可以更正、补充您的个人信息。&#xa0;跨境传输：为了实现前述目的，我们所收集的您的个人信息可能会在多个国家或地区间进行跨境转移，例如德国、新加坡。&#xa0;德国：罗伯特-博世有限公司（德国格宁根市罗伯特博世广场1号（Robert-Bosch-Platz 1, Gerlingen-Schillerhohe, Germany，邮编：70839），用于集团统一招聘管理（博世中国与数据接收方均基于该目的开展数据出境活动；&#xa0;英国：SmartRecruiters（英国伯克郡温莎亚瑟路圣斯蒂芬大厦&#xa0;邮政区码: SL4 1RU），用于招聘、后期交流联系及分享职位/活动信息、潜在人才社区邀请。&#xa0;您可通过上述联系方式依法向境外接收方行使您在个人信息处理活动中的权利。&#xa0;存储您的个人信息：我们将仅在为实现目的必要的范围内以及法律法规要求的时间内保留您的个人信息。&#xa0;雇佣：被雇佣后，您提供的数据将被从当前招聘系统转移至职位所属公司的人力资源管理系统。联系方式：&#xa0;请通过访问博世中国官方主页：博世在中国＞加入博世＞工作机会，在网上招聘数据隐私声明中“9.联系方式” 博世集团法人清单：&#xa0;请通过访问博世中国官方主页：博世在中国＞加入博世＞工作机会，在网上招聘数据隐私声明中获取现阶段使用网上招聘系统的博世集团法人（第五页）",3日内活跃,"博世中国 / 集团
·
招聘顾问",True,True,继续沟通,1784512765.499351,9d012ffe1bf44758bd772c37d6b18ae6
1098a1328bd7bbdd0nV52929F1tT,基础软件工程师,新乡豫北转向系统,,14-28K·14薪,3-5年,本科,苏州相城区高融大厦三楼,基础软件开发,苏州,101190400,https://www.zhipin.com/job_detail/1098a1328bd7bbdd0nV52929F1tT.html,"（一）人员基本条件
1.教育背景：计算机科学、软件工程、电子信息⼯程、⾃动化等相关专业本科及以上学历，硕⼠及以上学历者优先。
2.工作经验：具有3年以上汽车电子控制策略开发经验，具备SBW、EPS等转向系统开发经验者优先。
（⼆）人员能力要求
1. 专业技能：
1）熟悉英飞凌 TC2/TC3 系列芯片架构及片上外设，具备基于该芯片的底层驱动开发实操经验；
2）精通 Classic AUTOSAR 架构及开发流程，熟练配置 AUTOSAR MCAL 各核心模块，具备模块裁剪、移植与集成经验；
3）熟练使用 AUTOSAR 主流工具链（EB tresos、Davinci、Vector 系列等），能独立完成工具配置、数据生成与工程联调；
掌握汽车电子核心硬件模块开发（电源管理芯片 / 预驱 / CAN 收发器）或车载通讯诊断技术或车载网络安全相关技术，满足其一即可；
4）熟悉汽车电子行业核心标准（ISO 26262 功能安全、ASPICE 软件流程），了解车载通讯 / 诊断通用规范，理解汽车电子全流程开发逻辑；
5）具备良好的技术文档编写能力，可规范输出需求、设计、测试等技术文档；
6）具备良好的英语读写能力，能熟练阅读英文芯片手册、AUTOSAR 官方文档及行业标准资料。
2. 其他要求：
1）具备良好的沟通能力和团队合作精神；
2）具备较强的学习能力和解决问题的能力；
3）工作认真负责，具备良好的抗压能力。",在线,"新乡豫北转向系统
·
招聘经理",True,True,继续沟通,1784512775.207333,9d012ffe1bf44758bd772c37d6b18ae6
be337829a302c9a903d409S-GFdR,软件开发 (MJ000081),华兴源创,,15-20K,5-10年,本科,苏州吴中区华兴源创,基础软件开发,苏州,101190400,https://www.zhipin.com/job_detail/be337829a302c9a903d409S-GFdR.html,"岗位职责：
1.负责公司AI相关的业务功能开发，包括现有业务的AI赋能以及AI工具的开发。
2.模型选型与评估：跟踪国内外主流大模型的评测数据，结合业务场景完成技术选型与成本收益分析。
3.LLM微调：使用LoRA/QLoRA、P-Tuning v2等参数高效方法，在自有数据集上进行指令微调、领域适应与对齐训练，提升任务准确率与稳定性。
4.AI Agent设计与开发：基于LangChain/LlamaIndex/AutoGen等框架，构建Agent。
5.Prompt工程与效果评测：设计可复用的Prompt模板与思维链策略。
任职要求：
1. Prompt Engineering：能编写语义清晰、输出稳定的 System Prompt，熟练运用角色设定、约束条件、Few-shot、CoT 等技巧；具备 Prompt 版本管理与效果评估意识；理解不同模型（Claude / GPT / Qwen / 开源小模型）的 Prompt 风格差异  
2. 上下文工程：能设计 Context Window 的动态分配策略（System Prompt / 工具输出 / 用户历史 / 知识检索的配额管理）；掌握多轮对话摘要、工具输出截断、动态 Context 注入等信息压缩技术
3. Agent 架构与 Tool Use：深入理解 ReAct 等主流 Agent 架构，能实现包含重试、回退、超时的健壮循环；能设计清晰的工具 Schema 并处理参数校验与异常响应全链路；了解 MCP 协议；理解 Multi-Agent 协作模式（Leader-Worker、消息传递、状态同步）
4. Agentic Coding：熟练使用至少一种 AI 辅助编程工具（Claude Code / Cursor / Windsurf 等），能清晰阐述其运行机制（Agent Loop、文件索引、Context 管理、Tool Dispatch），并有通过项目级配置提升工具效率的实践经验
5. 编程基础：扎实的 Python 工程能力，熟悉 asyncio、类型注解、包管理（uv/pip）；熟悉 Git、Docker、Linux 基本操作；能快速集成第三方 LLM API
6. RAG 系统：有检索增强生成管道的实践经验（文档解析 → 切分 → Embedding → 检索 → 重排序），熟悉至少一种向量数据库（Milvus / Qdrant / Weaviate 等）
加分项
有自己开发的 Agent 开源项目；熟悉 LLM 推理部署（vLLM / SGLang）；有工业视觉或智能制造行业背景；",刚刚活跃,"华兴源创
·
招聘",True,True,继续沟通,1784512787.997236,9d012ffe1bf44758bd772c37d6b18ae6
e0a8de73ad2369520nF92Nm1F1RZ,储能 EMS 软件开发 多机并机组网 嵌入式 C,MOVA,,15-25K·15薪,3-5年,本科,苏州吴中区追觅中心T2栋,基础软件开发,苏州,101190400,https://www.zhipin.com/job_detail/e0a8de73ad2369520nF92Nm1F1RZ.html,"==2026年7~8月最新招聘，这里是MOVA能源BU，储能未来的独角兽，业务高速扩张！加急面试、快速发 offer！！！！
==2026年7~8⽉最新招聘，这⾥是MOVA能源BU，储能未来的独角兽，业务⾼速扩张！加急面试、快速发 offer！！！！
==2026年7~8月最新招聘，这⾥是MOVA能源BU，储能未来的独角兽，业务高速扩张！加急面试、快速发 offer！！！！
一、岗位职责
1、户储 / 阳台储/工商储等储能嵌入式固件开发迭代，负责主控系统核心逻辑落地；
2、EMS 能量管理策略开发优化：光储充协同、峰谷套利、离网切换、负载智能匹配；
3、多机并机组网功能开发，实现并联同步、负载均分、故障自检，优化组网稳定性；
4、BMS/PCS 整机联动开发，适配模块化电池混配场景；
5、CAN/WiFi/ 蓝牙通信协议开发，完成设备与 APP、云端数据交互；
6、故障定位、性能优化，支撑海外认证、试产量产，输出标准化技术文档；
对标行业头部方案，持续迭代 EMS 算法与整机智能用电体验。
任职要求
【硬性】
1、统招本科及以上，电子信息 / 自动化 / 电气 / 计算机相关专业；
2、精通 C 语言嵌入式，熟练 STM32/ESP32，掌握 RTOS 开发；
3、3 年以上储能嵌入式开发经验，做过户储 / 阳台储 / 光储一体机；
4、有 EMS 能量调度、多机并机组网开发经验优先破格录用；
5、熟悉 CAN 通信、充放电保护逻辑、BMS 基础原理，ESP32 无线开发经验加分。
【软性】
6、高自驱主动落地、逻辑清晰抗压强、做事闭环靠谱，可独立扛核心模块与项目节点。",在线,"MOVA
·
HRBP",True,True,继续沟通,1784512804.800417,9d012ffe1bf44758bd772c37d6b18ae6
52c29837bcc6e0a70nB809m4ElNY,软件开发工程师(J11378),ramaxel,,15-22K·15薪,3-5年,本科,苏州虎丘区苏州工业园区记忆科技有限公司,基础软件开发,苏州,101190400,https://www.zhipin.com/job_detail/52c29837bcc6e0a70nB809m4ElNY.html,"岗位职责：
1.负责驱动软件开发
2.技术预研、协议解读、产品开发、固件维护
任职资格：
1. 熟练掌握C语⾔
2.熟悉ARM/MIPS/RSIC V（⾄少⼀种）下的系统程序设计，熟悉嵌入式基础知识
3.985/211/双一流 计算机、电⼦相关专业本科及以上学历
4.2年以上驱动软件开发经验
加分项目：
1.有存储协议（NVMe/PCIe/UFS/SATA/ATA等）或安全协议（TCG、ATA Security）开发经验；",3日内活跃,"ramaxel
·
招聘经理",True,True,继续沟通,1784512815.049099,9d012ffe1bf44758bd772c37d6b18ae6
033ca9409900760e0nB809m9ElBX,中高级软件开发工程师,同程旅行,,15-30K·14薪,3-5年,本科,苏州同程旅行大厦酝慧路66号,基础软件开发,苏州,101190400,https://www.zhipin.com/job_detail/033ca9409900760e0nB809m9ElBX.html,"负责面向酒店分销的系统开发、架构设计及维护
【岗位职责】
1.参与完成架构和系统分析设计，并主导完成详细的设计，负责核心功能代码实现与单元测试；
2.主导中大型的项目，参与项⽬管理，为项⽬整体结果负责，确保项⽬如期高质量交付；
3.参与系统稳定性建设，例如数据核对、线上问题处理归纳分析、监控梳理和优化；
4.及时进行业务和技术沉淀总结，有提⾼影响力的意识，能够带动3-4名小伙伴成长。
【任职要求】
1.三年以上Java开发经验，基础扎实，熟练掌握常用Java技术框架,精通 Spring、Spring Boot 及其生态组件；
2.熟悉底层中间件、分布式技术（包括缓存、消息系统,数据库等）；
3.熟悉至少一种前端框架（Vue.js / React）
4.具有比较强的问题分析和处理能力，热衷技术，精益求精；
5.有项目管理经验，具备非常好的沟通协调能力，有很强的结果意识;
6.有过中后台开发和设计经验，有过酒店分销相关系统开发行业经验更佳",本周活跃,"同程旅行
·
开发",True,True,继续沟通,1784512825.6487381,9d012ffe1bf44758bd772c37d6b18ae6
aef383c44cdfb88d0nRz29W4E1JT,软件开发,新大洲本田摩托(...,,10-15K·13薪,3-5年,本科,苏州太仓市新大洲本田摩托(苏州)有限公司,基础软件开发,苏州,101190400,https://www.zhipin.com/job_detail/aef383c44cdfb88d0nRz29W4E1JT.html,"任职要求：
1.  基础条件：本科及以上，计算机相关专业；3-5年Java后端开发经验，功底扎实，有完整的企业内部应用开发及项目落地经验。
2.  核心技术栈：熟练掌握Java语言，精通SpringBoot、SpringCloud、MyBatis等常⽤后端框架；熟悉MySQL、Redis、消息队列（RabbitMQ/Kafka等），具备接口开发、跨系统联调实战经验。
3.  核⼼经验（硬性要求）：有AI⼤模型应用落地经验（不限厂商，包括DeepSeek、ChatGPT、⽂心一言等），理解AI智能体核心逻辑，能完成Java与AI智能体的对接开发，不要求算法建模能力。
4.  加分项1：具备基础Python开发能力（可辅助调用AI接口、处理业务数据）。
5.  加分项2：有摩托车/汽车/工业制造行业背景，熟悉生产/售后/质检等业务流程；有飞书生态（飞书AI、飞书工作流）相关开发经验优先。
岗位职责：
1.  内部应用开发与二次开发：使用Java技术栈，开发企业内部应用，对供应商交付的项目进行二次开发，为AI智能体落地提供技术支撑。
2.  AI智能体落地（核心）：负责摩托车整车厂核心业务场景AI智能体对接开发与优化，重点推进领导决策、生产制造、售后服务、质检管控等辅助类智能体落地及支撑其他业务场景拓展，适配飞书生态完成部署，不局限于上述场景。
3.  需求对接与迭代：对接公司高层及生产、售后、质检等业务部门，梳理AI智能体落地需求，推进项目落地、收集反馈并持续优化迭代。",在线,"新大洲本田摩托(...
·
HR",True,True,继续沟通,1784512836.2160158,9d012ffe1bf44758bd772c37d6b18ae6
e2bd5a42ce2286970nBz292-ElVW,java软件开发工程师,苏州金螳螂,,10-15K,3-5年,本科,苏州姑苏区金螳螂大厦1层,基础软件开发,苏州,101190400,https://www.zhipin.com/job_detail/e2bd5a42ce2286970nBz292-ElVW.html,"软件工程师
岗位职责：
1.负责公司内部业务系开发工作；
3.负责业务系统与其他系统对接开发工作；
4.积极配合测试人员和业务进⾏相关测试；
5.保证业务系统的开发和上线以及后续稳定运⾏，不断改善⽤户体验，不断完善业务方和产品经理提出的需求。
职位要求：
1. 3年以上java开发工作经验，统招本科及以上学历；
2. 扎实的java语⾔基础，熟练掌握mybatis、spring、springboot、SpringCloud全家桶及Sprigcloud相关组件等Java开源框架，有Spring Cloud 实战项目经验；
3. 熟练掌握MySQL、Oracle等数据库;
4. 熟练掌握Redis,、xxLjob、MQ、ES等组件的应用。
5. 熟悉Vue等web技术者优先；
6. 思路清晰，具备良好的沟通能力和理解能力，责任心强，具有一定的团队合作精神，认真负责。",刚刚活跃,"苏州金螳螂
·
人事",True,True,继续沟通,1784512861.064658,9d012ffe1bf44758bd772c37d6b18ae6
e09c41cd21ea3ef60nd93dy_E1dU,WMS软件开发工程师（C#）,舒普智能技术股份...,,12-18K·13薪,3-5年,本科,苏州渠诚大厦2层/201,基础软件开发,苏州,101190400,https://www.zhipin.com/job_detail/e09c41cd21ea3ef60nd93dy_E1dU.html,"岗位职责：
1、负责仓储物流自动化产品的仓库控制系统软件开发；
2、负责WMS相关业务功能模块的设计和开发，WMS与WCS底层控制调度系统的接口开发；
3、设计与实现WMS/WCS的开放API，优化系统功能；
4、对软件进行单元功能测试、现场调试等工作，保障系统正常运行；
5、配合项⽬经理完成相关任务⽬标。
岗位要求：
（1）精通C#，具有独⽴分析需求，开发业务功能的能力。
（2）熟练使用Linux基础命令操作及容器化部署。
（2）熟悉.NETCORE,有ABP.CORE版本开发经验。
（3）熟练使⽤Oracle，SQLServer，MySQL等关系型数据库。
（4）有上位机开发经验，熟悉MODBUS协议，CAN协议，MQTT协议，OPC协议，TCP/IP协议等常规通讯协议，有西门子，三菱，基恩士，汇川等常规PLC对接经验。
（5）熟练掌握多线程，线程同步，锁机制。
（6）熟练掌握Redis,MongoDB,RabbitMQ等相关中间件。
（7）有立功USBCAN通讯开发经验优先。
（8）有制衣/制鞋吊挂，MES，WMS，WCS等开发经验优先。",在线,"舒普智能技术股份...
·
招聘专员",True,True,继续沟通,1784512871.6327229,9d012ffe1bf44758bd772c37d6b18ae6
3e0ae3b40573cc1b0nd43Ny1EVRZ,MOM高级软件开发工程师,创新奇智,,15-20K,5-10年,本科,苏州吴中区嘉盛中心五楼D01,基础软件开发,苏州,101190400,https://www.zhipin.com/job_detail/3e0ae3b40573cc1b0nd43Ny1EVRZ.html,"岗位职责：
1.	根据需求设计产品，并撰写产品设计说明书，指导软件开发工程师完成供应链、生产管理等软件的开发任务。 
2.  主要后端使用C#、前段使用Vue+TypeScript作为开发语⾔，主要开发企业应⽤软件产品（也包含设备数⾤的IoT功能），并按照客户需求定制开发。
3.	遵守公司工作纪律。  
4.	身体健康、适应中短期出差。
职位描述：
1.	计算机，通信，电⼦，自动化相关专业，本科及以上学历。
2.	熟悉开发环境，有较为丰富的计算机基础；
3.	熟练使用Java或.Net 语言，具有B/S或C/S架构的软件开发经验；
4.	熟练使用MS SQL Server、Oracle等数据库；
5.	熟练使用HTML、JavaScript、CSS、Json、C#语言；
6.	能力强，工作严谨，责任感强，能够独立进行复杂技术问题分析和解决。
7.	身体健康、适应中短期出差。
8.	有较强的沟通能力和团队合作意识，有责任心。",,"创新奇智
·
人事行政专员",True,True,继续沟通,1784512882.131346,9d012ffe1bf44758bd772c37d6b18ae6
a1f982e5fe013a3b0nF42Ny6GVBT,嵌入式工程师-linux系统,Yealink 亿联网络,,15-25K·15薪,3-5年,本科,厦门湖里区亿联网络总部大楼666号,Linux系统开发,厦门,101230200,https://www.zhipin.com/job_detail/a1f982e5fe013a3b0nF42Ny6GVBT.html,"1、linux内核维护，开发解耦，业务开发设计
2、完成sdk导⼊和升级等，完成整体系统设计，排除⽅案风险，应⽤于新项目预研。
3、linxu系统性问题解决
要求：
1、熟悉内核配置，配置项功能和影响范围了解
2、熟悉计算机操作系统原理，C语言功底扎实
3、有内核源代码贡献经验者优先。
4、导⼊新soc和系统迭代升级",在线,"Yealink 亿联网络
·
hr",True,True,继续沟通,1784512903.9528902,9d012ffe1bf44758bd772c37d6b18ae6
defc9b9fb7fdf2641Hd42d21GVpR,高级系统开发工程师(J10780),星纵物联,,15-25K·15薪,3-5年,本科,厦门集美区软件园三期C09栋,Linux系统开发,厦门,101230200,https://www.zhipin.com/job_detail/defc9b9fb7fdf2641Hd42d21GVpR.html,"工作职责:
1.基于Linux、MCU的嵌入式智能产品进行软件开发；
2.负责嵌入式底层软件的设计、开发和维护，包括操作系统内核、设备驱动程序、Bootloader等；
3.负责嵌入式产品疑难问题的跟踪和解决、对产品性能和稳定性负责。
任职资格:
1.本科及以上学历，电子、自动化、计算机等相关专业，3年以上嵌入式底层软件开发经验；
2.精通C语言，有良好的编程习惯和扎实的编程基础；
3.具备丰富的设备驱动程序开发经验，熟悉常用接口协议和总线技术（SPI、I2C、UART、USB、Ethernet等），并有实际软硬件联调经验；
4.熟悉常用的调试工具和方法，具有较强的问题分析和解决能力，能够快速诊断各种硬件和软件问题；
5.熟悉Linux/RTOS操作系统，能够进行内核优化和定制化开发，系统稳定性优化；
6. 具有储存设备（SD卡、U盘、emmc、flash、硬盘）开发经验者优先；
7. 有海思、联咏、Sigma、ST、ESP32等平台经验优先。",在线,"星纵物联
·
HR",True,True,继续沟通,1784512914.729057,9d012ffe1bf44758bd772c37d6b18ae6
c1b92e249f8a09361nFz2d6_EVVZ,高级Linux应用开发工程师,雅迅智联,,12-24K·13薪,3-5年,本科,厦门思明区厦门雅迅网络股份有限公司,Linux系统开发,厦门,101230200,https://www.zhipin.com/job_detail/c1b92e249f8a09361nFz2d6_EVVZ.html,"岗位职责：
1、负责车载嵌入式产品的 Linux 应用层编程与功能开发调试；
2、负责应用层架构设计、模块划分、接口定义、版本管理、编程规范等总体软件设计工作；
 3、负责持续优化软件效率，独立分析、评估并解决问题，提高软件的健壮性；
4、负责产品功能与客户的需求对接确认，需求引导和功能联调。
    
任职资格：
1、全日制本科及以上学历，计算机、电子、通信等相关专业；
2、三年以上 Linux 应用开发岗位工作经验；
3、具备扎实的 C/C++ 语言基础，具有良好的编程风格、模块化编程思想、文档编写能力；
4、熟悉 Linux 系统调度原理、开发与编译环境，对进程、线程、多线程模型、时间片以及其调度有产品化经验；
5、熟悉常用的软件架构、开发框架和设计模式，能够独立完成各功能模块设计，复杂应用场景开发；
6、有车载电子的 UDS、SOMEIP、CCP 等应用层通信协议开发经验者优先。",3日内活跃,"雅迅智联
·
招聘经理",True,True,继续沟通,1784512925.704951,9d012ffe1bf44758bd772c37d6b18ae6
014789c357e2c26403x739q0ElBT,嵌入式软件工程师/Linux开发工程师,容大科技,,15-20K·13薪,5-10年,本科,厦门同安区容大合众(厦门)科技集团股份公司,Linux系统开发,厦门,101230200,https://www.zhipin.com/job_detail/014789c357e2c26403x739q0ElBT.html,"岗位职责：
1、负责32位单片机以及Linux方向打印机的开发工作，输出周报、月报、软件开发笔记；
2、负责Linux平台技术长期研究调研，对技术难点进⾏攻关解决；
3、已有机型升级、⽅案替换的程序编写及移植；
4、根据需求为客户定制特殊功能程序，将客户的项⽬需求转换成产品功能；
5、解决客户投诉问题及问题修复，处理客诉，以此改进优化程序，维护已有产品；
6、编写相关软件设计及测试文档等；
7、完成上级交办的其他工作。
任职要求：
1、本科及以上学历，计算机软件、通信技术、电⼦及自动化相关软件开发专业；
2、5年以上32位单片机软件开发以及Linux项目经历；
3、熟练掌握常用外设SPI、I2C、USART，并有USB、wifi、蓝牙、tcp/ip、freeRTOS、ucos、Linux等实际项目开发经验；
4、熟练掌握Linux操作系统的应用层开发，熟悉内核架构和驱动开发；
5、熟练掌握Shell脚本，C语言，Python等；
6、负责项目重点、难点的技术攻关，性能调优，持续重构与代码优化；
7、头脑灵活，思维敏捷；有良好的沟通能力和钻研能力；具备良好的团队合作精神；有较强的客户服务意识。",本周活跃,"容大科技
·
HR",True,True,继续沟通,1784512940.063444,9d012ffe1bf44758bd772c37d6b18ae6
1bd4779d05d4e12e1XV52dS0ElFU,Android系统开发工程师,华云数据,,15-22K·14薪,3-5年,大专,厦门思明区华云数据集团厦门公司,Linux系统开发,厦门,101230200,https://www.zhipin.com/job_detail/1bd4779d05d4e12e1XV52dS0ElFU.html,"职位描述：
精通Android framework、native层及hal层
技能要求：
1. 熟练掌握Android系统
2. 熟练掌握Linux shell脚本及命令等
3. 熟练掌握Java C++语言
4. 积极向上，能独立完成项目",,"华云数据
·
云手机系统架构部经理",True,True,继续沟通,1784512950.58961,9d012ffe1bf44758bd772c37d6b18ae6
1c00b154e54dd0da0nd52Ny6EVtR,Linux嵌入式工程师,狄耐克,,12-18K,3-5年,本科,厦门海沧区狄耐克产业园1号楼,Linux系统开发,厦门,101230200,https://www.zhipin.com/job_detail/1c00b154e54dd0da0nd52Ny6EVtR.html,"工作职责:
职位描述:
1、负责嵌入式Linux系统的应用的开发、测试和维护;
2、能够理解和设计嵌入式系统的整体框架，设计开发应⽤程序;
3能够根据需求分析，编写相应的规范和⽂档;
4、参与系统架构的设计和优化。
任职资格：
1、2年以上相关⼯作经验，计算机或电子等相关专业，本科或以上学历；
2、掌握C/C++编程语言，熟悉Linux平台开发环境，有Linux底层驱动开发经验；
3、熟悉TCP/IP协议，有流媒体编解码经验优先；
4、热爱研发⼯作，有较强的学习能力和钻研精神，有团队合作精神。",刚刚活跃,"狄耐克
·
副总助理",True,True,继续沟通,1784512964.5563588,9d012ffe1bf44758bd772c37d6b18ae6
e961eb6573a5426a03173d-4FFFS,嵌入式linux软件工程师,松霖科技,,11-18K,3-5年,本科,厦门海沧区松霖健康园,Linux系统开发,厦门,101230200,https://www.zhipin.com/job_detail/e961eb6573a5426a03173d-4FFFS.html,"工作职责
1.负责基于linux或android终端产品下的驱动开发工作；
2.与硬件工程师合作，负责定制和移植Linux或安卓系统到已设计好的硬件平台；
3.负责公司嵌入式产品的软件开发、技术创新、及产品优化⼯作。
4.配合测试及与开发团队完成整个产品的开发调试和bug修复。
 
任职要求
1.全⽇制本科及以上学历，计算机或电⼦类等相关专业，2年以上嵌入式linux驱动开发经验；
2.熟练掌握嵌入式linux/android系统开发环境；
3.具有良好的C/C++语⾔基础，具有良好的编程规范和文档编写能力；
4.熟练掌握音视频编码原理及流媒体网络通讯协议优先；
5.熟悉嵌入式linux的网络编程、多线程编程、内存管理机制及文件系统等。",本周活跃,"松霖科技
·
招聘专员",True,True,继续沟通,1784512975.523572,9d012ffe1bf44758bd772c37d6b18ae6
d95c17be05cfdbba03J509u_EFpX,c++开发,大族数控,,15-28K,3-5年,本科,深圳宝安区大族激光全球智能制造基地,C++开发,深圳,101280600,https://www.zhipin.com/job_detail/d95c17be05cfdbba03J509u_EFpX.html,"熟悉C/C++，做高性能计算的（图形加速、cuda、opengl），或者做服务器、做后台和桌面等
岗位职责：
1、负责设备控制软件和内部测试软件，或者系统软件的开发，调试和维护；
2、参与项目需求分析，软件设计，模块设计，编码实现以及测试，编写相关文档；
3、开发和维护现有软件，并对相关部门同事提供技术支持。
任职资格：
1、本岗位强调培养潜力和高成长性，985/211或其他海内外重点院校本科及以上学历，理工科专业；
2、毕业后3-4年C++软件开发经验，对自动化设备系统开发/GPU加速/图像解析有兴趣优先考虑；
3、熟悉C++，熟练使用软件开发工具；
4、熟悉面向对象软件开发和MFC，STL等库，熟练运用软件设计模式；
5、熟悉软件开发流程，具备良好的文档编写能力；
6、思维敏捷周密，诚实热情，有较强的学习能力和良好沟通能力。",3日内活跃,"大族数控
·
高级招聘",True,True,继续沟通,1784513000.3574631,9d012ffe1bf44758bd772c37d6b18ae6
3ecacdb5aa8b8e160nB92NS4FVdY,C++开发,平安银行,,17-30K,5-10年,本科,深圳罗湖区平安银行大厦(深南东路)深南东路5047号,C++开发,深圳,101280600,https://www.zhipin.com/job_detail/3ecacdb5aa8b8e160nB92NS4FVdY.html,"### 岗位名称
C++开发工程师（音视频方向）
### 岗位职责
1. 负责音视频⾤集、编码、解码、传输、录制等核⼼模块的设计与开发；
2. 负责基于C++的客户端或服务器端⾳视频相关功能实现，包括但不限于：摄像头采集、麦克风采集、本地录制、实时推流、录屏上传等；
3. 负责维护⾏内音视频平台，配合架构/运维等完成相关治理工作；
4. 其他领导安排的工作。
### 任职要求
1. 本科及以上计算机相关专业，5年以上C++开发经验；
2. 熟练掌握C++11/C++14/C++17、内存管理、多线程、网络编程；
3. 具备Windows和Linux平台下C++开发经验；
4. 熟悉至少一种音视频框架（FFmpeg/WebRTC/GStreamer），熟悉音视频基础原理（音视频编解码原理、PCM/YUV、时间戳同步等），熟悉采集链路开发（摄像头/麦克风/屏幕采集）；
5. 能主导性能优化与疑难问题定位，推动AI与音视频融合落地；
6. 有远程双录、远程回放、视频风控、实时监控相关项目经验者优先。
岗位关键词
C++ / 音视频 / FFmpeg / WebRTC / Media Foundation / 多线程 / AI推理 / Windows SDK / 视频采集",刚刚活跃,"平安银行
·
HR.招聘专员",True,True,继续沟通,1784513014.469248,9d012ffe1bf44758bd772c37d6b18ae6
76190b11a7cebf530nFy39-4FlNS,软件开发工程师（C/C++）,LASERX,,11-20K·13薪,3-5年,本科,深圳光明区镭神技术(深圳)有限公司,C++开发,深圳,101280600,https://www.zhipin.com/job_detail/76190b11a7cebf530nFy39-4FlNS.html,"岗位职责：
1、半导体封装设备的上位机软件开发、调试、及培训；
2、开发文档、设备操作说明书等文档撰写；
3、项目需到客户现场安装、调试及交付，向客户提供技术服务。
任职要求：
1、本科及以上学历，电子、通讯、⾃动化等相关专业；2年以上⼯作经验；
2、具备基本的电⼦电路知识、了解电机控制、了解视觉技术；
3、精通C#、或C++编程语言；
4、熟悉TCP/IP, ModBus等各种通讯协议；
5、熟悉MySQL、SQL Server等数据库；
6、熟悉一个或多个客户端UI框架，⽐如Qt/WPF/WinForm等；
7、熟悉多线程编程和各种同步对象使用，熟悉进程间通信。
8、良好的沟通能力及团队合作能力。",在线,"LASERX
·
HR",True,True,继续沟通,1784513032.128392,9d012ffe1bf44758bd772c37d6b18ae6
2e13aaef4102ea381nF80tu7EFRY,嵌入式开发工程师（Linux C++）,同为股份,,15-30K,3-5年,本科,深圳南山区深圳湾科技生态园2区9栋B4座,C++开发,深圳,101280600,https://www.zhipin.com/job_detail/2e13aaef4102ea381nF80tu7EFRY.html,"职责描述：
1.负责x86软件的嵌入式移植
2.负责嵌入式设备AP软件设计、开发
任职要求：
1.本科及以上学历，熟悉C/C++，具备3年以上嵌入式开发经验
2.熟悉常用数据结构、算法及其C/C++实现
3.熟悉嵌入式开发环境，熟悉编译、调试工具链的使用、原理及实现
4.有网络键盘、解码器、解码矩阵开发经验者优先",在线,"同为股份
·
HR",True,True,继续沟通,1784513042.87485,9d012ffe1bf44758bd772c37d6b18ae6
f8d4873c5e0bfed21Hx_3ti0F1pT,Creo开发 （C++/C ）(J10650),英维克,,16-26K·13薪,3-5年,本科,深圳龙华区深圳市英维克科技股份有限公司,C++开发,深圳,101280600,https://www.zhipin.com/job_detail/f8d4873c5e0bfed21Hx_3ti0F1pT.html,"工作职责:
岗位职责：
1、Creo软件相关平台的二次开发
- Creo三维操作的开发（如注释，几何特征）
- Creo协作平台开发
2、Creo二次开发需求的转换，需求-设计-落地。
任职资格:
1、统招本科及以上，无专业限制。
2、熟悉常见 Creo，CAD等研发设计软件的操作。
3、能熟练使用C++、C对Creo软件进行二次开发。
4、熟练使用QT 进行界面开发。
5、有Creo二次开发或集成经验优先。
6、良好的沟通能力，技术协作，需求分析。
7、良好的英文文档阅读能力。
8、如无Creo二次开发经验，但具有较强C++/C开发能力，对Creo 二次开发感兴趣，也可投递。",在线,"英维克
·
招聘",True,True,继续沟通,1784513053.909848,9d012ffe1bf44758bd772c37d6b18ae6
1e89c6207da8f4b90nB-3NS6FVZT,C++桌面软件开发,MOVA,,18-30K·15薪,5-10年,本科,深圳宝安区湾区产业投资大厦27楼,C++开发,深圳,101280600,https://www.zhipin.com/job_detail/1e89c6207da8f4b90nB-3NS6FVZT.html,"岗位职责:
1、参与3D打印产品功能定义及系统软件架构设计，确保系统的高性能和稳定性。
2、负责桌面应用程序架构设计和详细设计，包括但不限于3D打印/切片软件。
3、开发和调试PC上的3D打印/切⽚软件，确保功能实现和⽤户体验。
4、设计和实现PC与3D打印机、云端、⼿机端的通讯协议，确保数据交互的流畅性和准确性。
4、参与整个3D打印产品的联调、测试等工作，确保产品的顺利发布和稳定运行。
5、持续优化软件性能和⽤户体验，解决产品在使用过程中的技术难题。
任职要求:
1、计算机、软件工程、自动化等相关专业本科及以上学历，具备扎实的计算机理论基础。
2、5年及以上桌面软件开发经验，熟练掌握常用开发框架和C++编程语言，能够独立完成复杂功能的开发。
3、熟悉QT、wxWidget等跨平台GUI开发框架，具备在Windows/Mac等平台上进行跨平台开发的能力,必须有切片软件开发经验。
4、具备良好的人机交互设计能力，能够设计出符合用户需求的界面和操作流程。
5、熟悉计算机图形学，有OpenGL或3D几何内核开发经验者优先。
6、具备良好的沟通能力和团队协作精神，能够与其他团队成员有效协作，共同推进项目进展。",3日内活跃,"MOVA
·
HRBP",True,True,继续沟通,1784513064.452416,9d012ffe1bf44758bd772c37d6b18ae6
4bf03169ce1539f60nd-0ti1EFZT,嵌入式c++开发工程师,有为,,15-30K,3-5年,本科,深圳福田区深圳新一代产业园2栋901,C++开发,深圳,101280600,https://www.zhipin.com/job_detail/4bf03169ce1539f60nd-0ti1EFZT.html,"岗位职责：
1、能根据项目需求独立完成程序设计、文档编写以及代码编写、调试、自测等⼯作； 
2、与项⽬团队和管理团队紧密配合，良好的沟通理解能⼒，确保产品高质量成功交付；
3、完成产品的开发及相关文档编写⼯作，确保开发工作按时保质完成;
4、负责车联网终端业务功能模块的设计和开发，保证功能交互和稳定性、可靠性、可测性及友好性;
5、 对软件应用的各个版本进行归类整理。
任职要求：
1.本科以上学历，计算机、电子信息工程、自动化等相关专业；
2.相关工作经历3年以上；
3.熟悉ARM微控制器，精通C/C++语言编程，有良好的编程习惯、技术设计和文档写作能力；
4.对项目中的需求、设计、质量能专业有效地进行相应项目文档开发或指导项目组成员完成项目文档；
5.对Linux、Windows进程、线程、多任务、同步、异步操作有丰富的经验;
6.具备有实际项目产品化经验，了解产品化过程流程、工作内容，有车规级产品开发经验优先；
7.熟练socket、视频、音频开发和设计模式优先;
8.具有良好的沟通协调能力，抗压力，内驱力，执行力，解决项目问题和难题的能力；对交付结果负责。",刚刚活跃,"有为
·
招聘者",True,True,继续沟通,1784513075.05285,9d012ffe1bf44758bd772c37d6b18ae6
c7089891dc0369640nd-2tq9E1tU,c++软件开发工程师,杰普特光电,,15-30K,3-5年,大专,深圳龙华区多彩科创园D座,C++开发,深圳,101280600,https://www.zhipin.com/job_detail/c7089891dc0369640nd-2tq9E1tU.html,"岗位职责：
1、负责或参与运动控制软件项目的系统设计、程序开发及调试工作；
2、参与应用程序的需求分析，负责相关软件模块的测试工作并完成开发⽂档、测试⽂档以及说明⽂档等文件的编写；
3、负责或参与项目的软件现场调试及技术⽀持等工作。
任职要求：
1、大专及以上学历，有项目经验者优先考虑；
2、熟练掌握计算机编程语言C++，熟练使用QT；
3、熟悉基本运动控制算法，有运动控制项目经验的优先考虑；
4、熟练使用常用办公软件，熟悉CAD模型处理的优先考虑。
素质要求：
1、具备较强的团队合作精神；
2、具有良好的沟通能力和解决问题的能力；
3、具备较强的执行力，工作认真负责，严谨细致，能够积极主动地跟进项目落地。",刚刚活跃,"杰普特光电
·
HR",True,True,继续沟通,1784513089.5970612,9d012ffe1bf44758bd772c37d6b18ae6
a9fce6593d6fbecf03dy2d67EVNR,c++高级软件开发工程师,吉利研究院,,18-35K·13薪,3-5年,本科,深圳福田区深港国际科技园元戎启行,C++开发,深圳,101280600,https://www.zhipin.com/job_detail/a9fce6593d6fbecf03dy2d67EVNR.html,1．负责L3-L5级智能驾驶量产软件开发，确保产品极致安全、极致体验，具备竞争力。,今日活跃,"吉利研究院
·
智能驾驶软件开发工程师",True,True,继续沟通,1784513100.2110488,9d012ffe1bf44758bd772c37d6b18ae6
ac0a9be448e81a4a1HZy29-8EltU,软件开发工程师c++,瑞能实业,,15-30K·13薪,3-5年,本科,深圳光明区尚智科技园3B,C++开发,深圳,101280600,https://www.zhipin.com/job_detail/ac0a9be448e81a4a1HZy29-8EltU.html,"岗位要求：
1.熟练掌握UDP/TCP/FTP协议以及多线程，局域网网络布局。
2.精通C++\VC++等开发语言之一。
3.熟悉Windows Service / Web Servic服务结构。包括SOAP、http/XML等。
4.熟悉GUI/D3D/等界面开发技术。
5.熟悉数据库建模设计、存储过程编写、SQL语句优化。至少熟悉MYSQL或SQL Server或Oracle其中一种关系型数据库。
6.思维逻辑清晰，具备较强的沟通能力和文档能力；
岗位职责摘要：非标自动化设备软件开发以及维护升级（包括动力电池测试系统、电池自动化生产线、PCBA&BMS测试系统、MES系统等）",3日内活跃,"瑞能实业
·
HR",True,True,继续沟通,1784513110.7836301,9d012ffe1bf44758bd772c37d6b18ae6
99410f544884deb70nF50tW6GVNS,高级软件开发,汇标检测,,15-25K,5-10年,本科,广州黄埔区广州汇标总部,基础软件开发,广州,101280100,https://www.zhipin.com/job_detail/99410f544884deb70nF50tW6GVNS.html,"岗位职责
1. 系统架构与核心开发
主导STARLIMS二次开发：深入研究STARLIMS技术架构，熟练运用XFD Designer及SSL脚本进⾏功能定制与底层逻辑改造。
技术攻坚与重构：负责核⼼业务模块的重构、性能调优及疑难杂症排查；具备极强的陌⽣系统研读能力，能快速通过阅读代码、数据库及配置文件，实现对现有系统的接管与维护。
2. 研发团队管理与赋能
团队建设：负责2-5⼈研发团队的技术管理，建立并推行代码规范、数据库标准及Git/SVN版本管理流程。
技术指导：主导代码评审（Code Review）及技术方案评审，指导Java及.NET工程师解决技术难题，通过内训提升团队整体研发效能，逐步降低对外部供应商的技术依赖。
3. 项目全生命周期管理
项目管控：负责LIMS项目的需求分析、技术设计及开发计划制定，严格把控项目进度、质量与风险。
供应商管理：深度参与外部供应商技术方案的审核，负责验收标准的制定与交付成果的评估，确保项目高质量落地。
4. 多系统集成与数据治理
接口开发：负责STARLIMS与周边异构系统的深度集成，包括但不限于金蝶财务系统（采购/库存）、钉钉、报表系统、AI应用平台、自动化控制系统及实验室仪器设备。
数据治理：解决跨系统数据同步一致性、接口高并发及系统兼容性问题，保障业务数据流转顺畅。
任职要求
1. 基本资格
学历专业：本科及以上学历，软件工程、计算机科学与技术、信息工程、自动化等相关专业。
工作经验（满足以下任一条件）：
5年以上软件开发经验；
3年以上大型企业信息化项目开发经验；
3年以上研发团队管理经验；
具有LIMS、MES、ERP等大型业务系统开发经验者优先。
2. 核心技术能力（必备）
后端开发：精通C#编程语言及.NET Framework开发框架，熟悉ASP.NET开发模式。
数据库：精通SQL Server数据库开发，具备优秀的SQL编写、存储过程编写及性能调优能力。
前端基础：熟悉JavaScript、HTML5、CSS等Web前端技术。
接口开发：熟练掌握Web API、RESTful风格接口的开发与调试。
工程化：熟练使用Git、SVN等版本控制工具。
综合能力：具备扎实的系统架构设计能力和独立的模块设计与全流程开发能力（需求分析→设计→编码→调试→测试）。
3. 优先条件（加分项）
行业经验：具有制药行业信息化项目经验或实验室信息化（LIMS）项目经验。
STARLIMS专项：熟悉STARLIMS Scripting Language (SSL)、XFD Designer开发环境，或有STARLIMS二次开发实战经验。
前沿技术：熟悉AI开发工具、大模型应用及落地实践。
管理潜质：具备遗留系统接管经验，或有研发团队负责人经历。",刚刚活跃,"汇标检测
·
招聘者",True,True,继续沟通,1784513136.546093,9d012ffe1bf44758bd772c37d6b18ae6
6231d4b00ffca21403163N61GFVY,软件开发主管工程师,广州汽车集团股份...,,15-30K,5-10年,本科,广州番禺区广汽研究院,基础软件开发,广州,101280100,https://www.zhipin.com/job_detail/6231d4b00ffca21403163N61GFVY.html,"岗位职责：
1. 负责车载基础软件的需求、架构、详细设计；
2. 具有MCU驱动、CP、C++中间件(AP等)、CP等开发经验者优先",3日内活跃,"广州汽车集团股份...
·
软件工程师",True,True,继续沟通,1784513146.871284,9d012ffe1bf44758bd772c37d6b18ae6
fb7b4344409f5af30nB-3Nu5ElpY,java高级软件开发工程师,润建股份,,14-16K,5-10年,本科,广州黄埔区云升科学园1,基础软件开发,广州,101280100,https://www.zhipin.com/job_detail/fb7b4344409f5af30nB-3Nu5ElpY.html,"负责前后端开发的工作；参与代码评审，确保代码质量和一致性
编写和维护前后端开发文档，提供技术支持和培训；
岗位要求：
1.计算机、数学、⼯程类、通信等理⼯类相关专业本科及以上学历（提供学信⽹证明）。其中非计算机相关理工类专业学历的，必须提供符合要求的相关资质证书。
2.本科学历相关⼯作经验需满3年，硕士研究生学历相关工作经验需满2年，博士学历不限工作经验。如非理工类专业的，在此基础上，其工作经验需增加1年。具备扎实的专业知识。
3.熟悉java语言和设计模式，能独立完成功能模块的设计、开发、单元测试；具有java ee项目开发经验；JAVA/J2EE专业基础扎实，熟悉JAVA语言，熟悉SpringBoot、SpringCloud、Ibatis(MyBatis)、dubbo等一种主流 J2EE 开发框架。
具备一定工程能力，了解tomcat、nginx、网关等中间件；
4.熟悉docker、k8s等容器化技术。
5.有国产化数据库、国产化中间件相关工作经验者优先。
6.具有良好的文字撰写能力，分析能力与表达能力；具有良好的客户服务意识，责任心强，良好的心理素质；",刚刚活跃,"润建股份
·
招聘专员",True,True,继续沟通,1784513158.149579,9d012ffe1bf44758bd772c37d6b18ae6
da74af34f1b134250nF-2t-8GVRY,软件开发工程师 （AI智能体方向）,华苏科技,,14-16K,3-5年,本科,广州黄埔区云升科学园,基础软件开发,广州,101280100,https://www.zhipin.com/job_detail/da74af34f1b134250nF-2t-8GVRY.html,"岗位职责：
1、能独立完成数据库的设计、代码开发、单元测试，确保交付质量；
2、对代码质量输出，有规范，可读性好；
3、代码缺陷修复，易用性及性能优化；
4、参与AI智能体后端架构设计与核心模块开发，包括任务规划、工具调⽤、记忆管理、多智能体协同等能⼒建设；
5、负责⼤模型API的集成与推理链路优化，落地RAG、Function Calling等关键技术；
6、与前端研发技术有效配合，完成功能的调试和上线工作；
7、持续跟踪AI Agent领域前沿技术趋势，推动技术方案在业务场景中落地；
8、按时完成上级交办的其他⼯作任务。
任职要求：
1、全日制本科及以上学历，计算机、软件工程、人工智能等相关专业优先；
2、具备扎实的Java、Python语言基础，熟悉J2EE开发，熟悉Tomcat中间件、国产化中间件的使用；
3、熟悉Spring、Spring MVC、MyBatis等，熟悉Spring Cloud、Spring Boot和Dubbo等开源框架；
4、熟练使用MySQL、达梦等关系型数据库，对数据库优化有一定的了解；
5、熟悉Vue、JavaScript、Bootstrap、Freemarker等前端技术的使用；
6、熟悉AI智能体（Agent）相关技术，了解大语言模型（LLM）应用开发，熟悉RAG（检索增强生成）、Function Calling、任务规划、工具调用等核心技术；
7、了解LangChain、LangGraph、Dify、Coze、AutoGen等主流AI智能体开发框架，有实际项目经验者优先；
8、有大模型API集成经验（如OpenAI、通义千问等），了解Prompt Engineering、模型推理优化等；
9、具备良好的系统设计与工程能力，有AI Agent或LLM应用相关项目经验者优先；
10、良好的沟通能力和团队协作精神，严谨、踏实的工作态度与高质量意识，良好的抗压能力，工作认真负责，态度端正。",在线,"华苏科技
·
招聘专员",True,True,继续沟通,1784513168.484664,9d012ffe1bf44758bd772c37d6b18ae6
596818c6a2226640031y3N2-F1ZS,软件开发工程师,中国联通软件研究院,,18-30K·14薪,3-5年,本科,广州黄埔区中国联通软件研究院广州分院,基础软件开发,广州,101280100,https://www.zhipin.com/job_detail/596818c6a2226640031y3N2-F1ZS.html,"一、岗位职责：
1、负责智能问答交互系统的设计、开发与优化，包括前端界面开发、后端服务搭建及系统集成。
2、了解Agent设计、数据智能体相关知识。
3、解决系统开发与运行中的技术难题，持续优化系统性能。
4、编写技术文档，确保项⽬开发流程的规范性与可维护性。
⼆、任职要求：
1、计算机、软件⼯程、信息管理等相关专业本科及以上学历。
2、3年以上前端或后端开发经验，具备扎实的编程基础和工程实践能力。
3、前端要求：熟练掌握HTML5、CSS3、JavaScript，熟悉React/Vue/Angular，webpack等主流框架，具备响应式布局和跨浏览器兼容性优化能⼒。
4、后端要求：精通Java编程语言，熟悉Spring Boot、Spring Cloud等框架；熟悉主流中间件（Nginx，Redis，kafka，MQ等），具备中间件的高可用性、负载均衡及性能调优经验；熟悉主流数据库（如MySQL、MongoDB等）的设计与优化，具备数据库性能调优、索引优化及分库分表经验，具有海量数据处理经验者优先；熟悉大数据相关组件（Flink、HBase等）者优先；
5、具备大型分布式系统设计和高并发处理经验。
6、具备良好的沟通能力、团队协作精神及抗压能力。
7、具备产品规划、方案策划能力优先。",本周活跃,"中国联通软件研究院
·
员工",True,True,继续沟通,1784513179.177535,9d012ffe1bf44758bd772c37d6b18ae6
73a942f6523c65880nF83tW9EFBS,中级软件开发工程师,中英保,,10-12K,3-5年,本科,广州天河区中英保集团有限公司,基础软件开发,广州,101280100,https://www.zhipin.com/job_detail/73a942f6523c65880nF83tW9EFBS.html,"岗位职责：  
1、负责公司自有系统（Web、APP）的设计、开发和维护，参与需求分析、技术方案制定及代码实现；  
2、按照项目计划完成模块开发任务，确保代码质量与交付进度；  
3、配合团队成员进行技术协作，参与代码评审和技术交流；  
任职要求(70%后端+30%前端)：  
1、熟悉⾄少⼀种主流后端JAVA、PHP编程语⾔，掌握常用设计模式和开发框架、包括SpringCloud、SpringBoot等Java框架
2、 熟悉移动端开发，包括不限制于APP、小程序
3、熟悉前端技能，包括Vue、Vite等技术，能独⽴实现前端项目二次开发;
4、掌握数据库基本原理，熟悉SQL优化及相关操作；  
5、具备运维基础能力，包括Linux 服务器操作、CI/CD流程、Docker虚拟化技术和 Nginx反向代理等
6、具备较强的沟通能力和团队合作意识；
7、有OA系统开发经验优先考虑
8、退伍军人、党员优先考虑
岗位福利：节假日福利、双休",今日活跃,"中英保
·
招聘者",True,True,继续沟通,1784513189.817378,9d012ffe1bf44758bd772c37d6b18ae6
0ae99cc079f684f31H1809y9GVVY,软件工程师,巨大集团,,15-25K,3-5年,大专,广州南沙区巨大集团洲兴街139号,基础软件开发,广州,101280100,https://www.zhipin.com/job_detail/0ae99cc079f684f31H1809y9GVVY.html,"工作描述：
1.参与项目软件需求可行性评估，结合项目计划拟定负责模块软件开发计划；
2.完成软件开发系统和模块化方案设计，完成软件失效分析和风险分析；
3.根据软件开发计划负责speaker、soundbar等音频产品嵌入式应用软件开发，参与代码review；
4.按计划和要求主导分析、解决项目过程中含研发、生产、售后的软件相关问题，重点问题需要输出问题分析报告；
5.协助相关部门完成产品软件相关调试和性能优化，如音频链路、声学音效、电气性能、无线抗干扰等。
岗位要求：
1.本科及以上学历，计算机、电子通信、自动化等相关专业，精通C/C++，有良好的编程规范习惯，熟练使用git；
2.五年以上消费电子产品开发经验，有3年以上音视频产品软件开发经验，对音频产品软件框架有基础认识；
3.至少熟悉RISC-V和Cotex-M其中一种软件架构嵌入式开发，有FreeRTOS\RT-Thread等常用实时操作系统实际项目移植或应用经验；
4.有Bluetooth/WIFI/Zigbee实际项目经验；熟悉无线通讯协议规范，了解提升无线抗干扰性能的软件方案；有流媒体传输开发经验；
5.有DSP调试经验，熟悉I2S、TDM、PDM等常用音频通讯规范，熟悉I2C/UART/SPI等常规通讯协议，具备信号分析能力。",在线,"巨大集团
·
招聘专员",True,True,继续沟通,1784513218.395286,9d012ffe1bf44758bd772c37d6b18ae6
d70ff3536582cd1a0nF93dS_FlJT,C++软件工程师,兴森科技,,15-22K·14薪,5-10年,本科,广州黄埔区保利中科广场A座10层,基础软件开发,广州,101280100,https://www.zhipin.com/job_detail/d70ff3536582cd1a0nF93dS_FlJT.html,"C++软件开发工程师-上位机方向，该岗位周末双休
工作职责：
1.  负责智能驾驶与智能座舱测试系统的软件开发，现场环境搭建与部署、设备对接、软硬件联调、项目验证与交付⼯作。
2.  根据客户需求开发上位机软件及后端服务，完成核⼼业务逻辑编写、UI 交互设计、接口联调及系统性能优化。
3.  与测试⼯程师、系统工程师紧密协作，定位并解决测试全流程中的各类技术问题。
任职要求：
1.  教育背景：计算机、电子信息、通信、⾃动化、车辆工程等相关专业，统招本科及以上学历。
2.  核心技术能力：
*熟练掌握 C/C++/Python 等开发语言，具备较好的面向对象开发思维，能够编写结构清晰、易于维护的高质量代码
*熟练掌握 C++ Qt 或 Python PyQt 框架，具备跨平台桌面应用开发经验，能独立完成 UI 设计与核心业务逻辑的实现。
*熟悉 Linux 基础常用操作，熟悉常用命令及脚本编写（Shell/Python）。
*了解网络通信、多设备对接基础原理，具备良好的软硬件联调思路。
3. 其他要求：
*逻辑清晰，具备优秀的问题分析和解决能力。
*具备较好的沟通协调及团队协作能力，能够独立与客户进行需求对接与确认；工作主动负责，抗压性强，能适应项目关键节点的现场支持工作。
4. 优先考虑条件（满足以下一项或多项）：
*具备汽车电子测试相关开发及现场调试经验，熟悉CANoe、vTestStudio等工具者优先。
*熟悉汽车常用总线协议（如CAN/CAN FD, LIN, 车载以太网SOME/IP）或通信接口（如I2C, SPI）。
*了解常用硬件调试仪器（如示波器、逻辑分析仪）的使用，具备基本的硬件问题协同排查能力。
*了解自动驾驶、智能座舱系统基础架构与业务流程。",在线,"兴森科技
·
HRBP",True,True,继续沟通,1784513237.318581,9d012ffe1bf44758bd772c37d6b18ae6
d0fc44746f5b57df0nZ-0925F1BS,地面站软件工程师(A220141),亿航智能,,15-25K·13薪,1-3年,本科,广州黄埔区亿航智能设备,基础软件开发,广州,101280100,https://www.zhipin.com/job_detail/d0fc44746f5b57df0nZ-0925F1BS.html,"【职位描述】
开发和维护运⾏在 Windows 的⽆⼈机控制和调试软件：
1、设计和实现通信协议，从各类设备（飞控、服务器等）获取数据；
2、按照设计师的专业设计开发图形界面，实现高标准的交互、图形、动画；
3、编写技术⽂档，参与技术方案设计和评审。
【职位要求】
1、精通 C# 语言、.NET 类库；
2、熟悉 WPF、MVVM；
3、本科以上学历，计算机或相关专业，基础扎实；
4、有 1 年以上 C# 项目开发经验。",刚刚活跃,"亿航智能
·
HRBP",True,True,继续沟通,1784513247.680614,9d012ffe1bf44758bd772c37d6b18ae6
e6e2c561fdde981403Z_2Nu1FlRT,嵌入式软件开发工程师（Linux）,迪士普音响科技,,9-14K,3-5年,本科,广州白云区广州市迪士普音响科技有限公司,基础软件开发,广州,101280100,https://www.zhipin.com/job_detail/e6e2c561fdde981403Z_2Nu1FlRT.html,"岗位要求
1、3年以上开发经验；
2、需要熟悉掌握C/C++语言扎实的基础知识；
3、熟悉Linux嵌入式操作系统的底层与应用开发，需要具备移植与修改底层驱动程序能力；
4、需要掌握数据库与文件系统的应用开发；
5、熟悉掌握QT应用的开发；
6、熟悉TCP/UDP/HTTP网络编程；
7、具有音、视频开发经验者优先录取；
8、熟悉VOIP/SIP协议编程的优先录取；
9、熟悉pjsip/webrtc/ffmpeg/opencv框架者优先录取；
10、具有团队沟通与合作精神；
岗位职责：
1、新项目嵌入式系统的底层开发与音视频应用层开发；
2、现有产品设备的维护与定制功能的修改；
3、临时性任务的定制功能的修改；",刚刚活跃,"迪士普音响科技
·
招聘主管",True,True,继续沟通,1784513268.9125571,9d012ffe1bf44758bd772c37d6b18ae6
603755c57a6af3430nBy3dy-F1JY,分布式文件系统开发工程师,宏杉科技,,15-25K,3-5年,本科,杭州滨江区智慧e谷A座11楼,分布式系统开发,杭州,101210100,https://www.zhipin.com/job_detail/603755c57a6af3430nBy3dy-F1JY.html,"岗位职责：
1 根据需求参与分布式文件系统代码开发，bug解决和性能分析调优；
2 参与本地ZFS文件系统的开发和调优；
3 需要和NAS对接功能，协助NAS一起分析和文件系统相关问题以及对接和⽂件系统相关的功能开发。
岗位要求：
1 有3年以上分布式⽂件系统开发经验，熟悉业界常见分布式⽂件系统，至少精通1种分布式文件系统开发，能根据需求实现功能以及解决问题；
2 有Linux内核开发经验的优先；
3 熟悉SAN/NAS产品的优先；
4 有较强的独⽴自主学习能力，善于沟通，责任心和抗压能力强。",,"宏杉科技
·
招聘者",True,True,继续沟通,1784513290.279358,9d012ffe1bf44758bd772c37d6b18ae6
7d45fca4d1ab9cf20nFy2Nq7FldY,系统开发（偏后端架构）,申朴信息,,15-18K,3-5年,本科,杭州余杭区浙江海外高层次人才创新园17栋,分布式系统开发,杭州,101210100,https://www.zhipin.com/job_detail/7d45fca4d1ab9cf20nFy2Nq7FldY.html,"【工作职麦】
1.参与公司自主产品及项目研发，进行软件系统框架、核⼼模块和对外接口的详细设计，参与核⼼代码的编写;2.参与项⽬的模块概要设计、编码实现、单元测试、系统整合测试，分析并解决软件开发过程中的问题，确保开发模块符合既定的特性(如高可用、⾼性能等);3,进行编制项目文档和质量记录的工作;4.协助并完成其他各类技术开发任务及领导安排的工作。
【任职要求】
1.全日制硕士及以上学历，(985，211高校毕业)计算机科学、软件工程等相关领域专业;2年以上相关开发相关工作经验;2.熟悉微服务架构，具备中大型分布式系统开发经验，能对具体的需求提出对应的技术方案;3.熟练Java主流技术栈，熟悉SpingBoot，熟悉至少掌握一种微服务框架;熟悉Redis、MQ等中间件产品;熟悉至少一种关系型数据库(比如MySQL、Oracle等等);4.熟蒸敏捷开发模式，熟悉qit多人多团队开发模式:5.熟悉Linux，熟悉Nginx等开源组件的配置;对Docker和K8S有一定了解;具备对阿里云等云服务的了解和使用经验。6.熟悉JS、HTML等前端技术，熟悉nodejs，能够使用Vue、React等前端框架;7.了解常用设计模式，具有面向对象的分析和设计的能力;具有强烈的自我驱动力，能够在快节妻环境中工作，具备良好的学习、组织、协调、沟通能力和团队协作精神,有责任心、抗压能力强，具备良好的商业保密意识和职业道德素养。",在线,"申朴信息
·
招聘主管",True,True,继续沟通,1784513311.511416,9d012ffe1bf44758bd772c37d6b18ae6
2edec788af44b734031-3tu6EVNX,智能体系统研发工程师,浙江大学,,15-30K,3-5年,本科,杭州滨江区杭州高新区火炬创新中心2号楼浙江大学滨江研究院,分布式系统开发,杭州,101210100,https://www.zhipin.com/job_detail/2edec788af44b734031-3tu6EVNX.html,"薪资范围：15-40k
职位详情
我们在构建下一代AI智能体平台，需要既懂AI又懂工程的复合型人才，⼀起探索智能体技术的边界。
⼯作职责
    1.设计并开发智能体核⼼框架，包括Prompt工程、工具调⽤、工作流编排、插件体系等
    2.构建高性能智能体执行引擎，优化推理调度、模型服务接口、缓存策略等
   3.研发智能体记忆系统，实现短期记忆、长期记忆、知识图谱等能力
    4.探索多智能体协作机制，实现任务分解、角色分工、协同决策等高级能力
    5.建设平台级基础设施，包括可观测性、链路追踪、故障恢复、灰度发布等
    6.与产品团队深度协作，将技术能力转化为行业解决方案
任职要求
    1.3-5年后端开发经验，精通Python/Go中至少一种语言
    2.深入理解大语言模型原理，有LLM应用开发经验（RAG/Agent/Fine-tuning等）
    3.熟练掌握PromptEngineering，能够设计高质量的智能体交互流程
    4.熟悉主流Al框架（LangChain/Llamalndex/SemanticKernel等）
    5.掌握分布式系统、消息队列、缓存系统等后端核心技术
    6.有Docker/Kubernetes容器化部署经验
    7.具备优秀的系统设计能力和问题解决能力
加分项
    1.有大模型微调、训练或推理优化经验
    2.熟悉向量数据库（Milvus/Pinecone/Qdrant等）
    3.有知识图谱构建或图数据库使用经验
    4.了解强化学习、多智能体系统等前沿AI技术
    5.有AI相关论文发表或开源项目经验
    6.对AI产品和行业应用有深入理解和思考",刚刚活跃,"浙江大学
·
教师",True,True,继续沟通,1784513329.301505,9d012ffe1bf44758bd772c37d6b18ae6
555eec5b72a5e1e70nd43dm8GVNY,后端开发岗,大丰实业,,15-20K,3-5年,本科,杭州滨江区大丰科创中心F号楼,分布式系统开发,杭州,101210100,https://www.zhipin.com/job_detail/555eec5b72a5e1e70nd43dm8GVNY.html,"岗位职责：
1、负责集团内部业务系统的后端开发、接口封装、数据处理及系统集成工作
2、参与企业信息系统ERP/PMS/SRM/MES相关模块的建设、二次开发、接口对接及后期维护工作
3、配合推进项目开发规范、接口规范、数据结构设计、部署联调及线上问题排查优化⼯作
4、对各业务部门提出的需求进⾏可⾏性分析、技术评估及方案验证
5、根据业务发展需要，参与相关系统功能优化、扩展开发及后续维护工作
6、负责 AI 相关系统的后端开发，能够独⽴承担相关业务模块设计、开发与联调工作
7、完成领导安排的其他工作。
岗位要求：
1、熟练掌握 Java 开发，熟悉 SpringBoot、SpringCloud、Mybatis等常用框架，能够独立完成后端业务模块设计与开发
2、熟练掌握 MySQL、Redis、MQ 、ES 等常用中间件的使用，具备数据库设计、SQL 优化及缓存应用经验
3、熟悉微服务架构设计理念，了解服务注册与发现、负载均衡、熔断降级、分布式事务等相关技术
4、具备用友BIP产品开发经验，具备良好的工程开发意识，掌握接口设计、配置管理、日志监控、异常处理、权限控制等基础能力建设
5、具备良好的问题排查与解决能力，能够配合完成联调、性能优化、线上问题分析及复杂业务场景落地
6、熟悉Linux基本操作，了解容器化部署，能够配合完成项目部署、发布及后期维护工作
加分项：
1、熟练使用AI编程工具者优先
2、熟悉 Python 开发，能够支持基础脚本处理或相关服务联调
3、有数据采集、网页解析或相关工具开发经验者优先
4、具备基础前端开发能力者优先
5、有企业内部系统集成相关开发经验者优先",3日内活跃,"大丰实业
·
招聘专员",True,True,继续沟通,1784513339.882163,9d012ffe1bf44758bd772c37d6b18ae6
186be579c53216950nZ609u-EFVW,资深信号系统开发工程师,众合智行轨道交通技术,,15-30K·15薪,5-10年,本科,杭州滨江区双城国际4号楼,分布式系统开发,杭州,101210100,https://www.zhipin.com/job_detail/186be579c53216950nZ609u-EFVW.html,"工作职责：
1、负责列车运行控制系统核心产品（如车载控制器ATP/ATO、区域控制器ZC）的软件设计与开发。
2、深入理解SIL4级软件开发流程与安全要求，能够将复杂的系统需求转化为清晰、严谨、可实现的软件需求规格，并熟练运⽤C/C++语⾔进⾏高质量编码与调试。
3、主导或深度参与产品需求分析，能够准确解读行业标准及客户需求，并将其分解为具体、可验证的系统功能需求与性能指标。
4、确保V-cycle开发流程左链（需求、设计阶段）交付物的⾼质量，并负责列控系统基线软件的版本发布。
5、具备优秀的团队协作与沟通能力，能够在压力下主动担当，积极应对技术挑战。
岗位要求：
1、全日制统招本科及以上学历；铁路信号、自动化、控制科学与工程、信息技术等相关专业；
2、具有5年以上轨交信号产品ATP/ATO或ZC开发工程师工作经验；
3、深入掌握CBTC各核心子系统的工作原理与交互逻辑；
4、熟悉安全产品开发流程，熟悉行业互联互通及EN50128/EN50716等相关标准；
5、具备良好的计划和沟通能力，具备良好的团队合作精神；",刚刚活跃,"众合智行轨道交通技术
·
产品中心总经理",True,True,继续沟通,1784513362.0617778,9d012ffe1bf44758bd772c37d6b18ae6
7f1239cf6ec847590nR609W1FVZZ,充电系统开发工程师,吉利汽车集团,,18-25K,5-10年,本科,杭州滨江区吉利科技集团,分布式系统开发,杭州,101210100,https://www.zhipin.com/job_detail/7f1239cf6ec847590nR609W1FVZZ.html,"岗位职责:
1. 负责换电设备充电系统的设计、开发与优化；
2. 熟悉放电系统在整车、换电站、充电站内的使用环境及要求；
3. 熟悉充电系统的各项性能及功能指标。产品开发流程、试验及产品认可；
4. 熟知充电系统和充电基础设施标准，例如 GB27930协议；
5. 与团队合作，解决充电系统开发过程中的技术问题。
任职要求：
1、本科及以上学历，机械、自动化等相关专业；
2、本科5年以上，硕士3年以上相关工作经验；
3、有换充电系统设计经验或近似相关经验优先；
4、熟练掌握结构等主流三维设计开发工具Catia或SolidWorks或UG一种或多种；
5、具备良好的分析问题、解决问题的能力，责任心强，具有良好的沟通和团队协作能力",3日内活跃,"吉利汽车集团
·
HRBP",True,True,继续沟通,1784513376.034206,9d012ffe1bf44758bd772c37d6b18ae6
c4506403b058cda00nF43N-_ElRT,机载系统开发工程师,浙江正凯集团,,15-25K,3-5年,本科,杭州萧山区诺德财富中心A座37楼,分布式系统开发,杭州,101210100,https://www.zhipin.com/job_detail/c4506403b058cda00nF43N-_ElRT.html,"岗位职责：
1、基于工业机载主板做 ROS2 软件架构开发，集成激光雷达、视觉相机等多感知模块；
2、完成 ROS2 与无人机飞控通信对接，实现自主导航、航点飞⾏、动态避障；
3、多传感器数据同步、调度优化，⽀持⽆人机与 AGV / 机械臂跨设备联动；
4、Gazebo 仿真、实机联调、代码迭代与技术文档输出。
任职要求：
1、全⽇制本科及以上学历，5 年及以上 ROS2 工业机器人 / 无人机开发经验；
2、精通 ROS2 架构、DDS 通信、TF、多节点协同开发；
3、C++/Python、Linux 嵌入式开发熟练，会激光雷达、深度相机驱动与数据处理；
4、熟悉 MAVLink 协议，有 PX4 / 飞控 ROS2 上位机对接实战；
5、能独立完成多传感器融合、SLAM、导航调度全流程开发。
6、加分：机载 Jetson/RK3588 开发、室内集群巡检、机械臂联动项目经验。",刚刚活跃,"浙江正凯集团
·
hr",True,True,继续沟通,1784513386.526922,9d012ffe1bf44758bd772c37d6b18ae6
1908273e88f2083b0nFy2Nq0F1FT,密封系统开发,克莱蒙特,,15-20K,3-5年,本科,杭州滨江区华业大厦-北门11,分布式系统开发,杭州,101210100,https://www.zhipin.com/job_detail/1908273e88f2083b0nFy2Nq0F1FT.html,4~6年密封及开闭件开发及供应链管理经验，具备成功的DRE或相关领域工作经历。（主要涉及密封系统、车窗升降器电机及机构、气弹簧、电动撑杆、车门限位器等。）,在线,"克莱蒙特
·
HR",True,True,继续沟通,1784513452.884841,9d012ffe1bf44758bd772c37d6b18ae6
1e7e8c470e0777d50nF93dW8FFZU,资深系统工程师（云原生/多芯方向）,诚云科技,,15-25K·15薪,3-5年,本科,杭州西湖区阿里巴巴云谷园区1,分布式系统开发,杭州,101210100,https://www.zhipin.com/job_detail/1e7e8c470e0777d50nF93dW8FFZU.html,"杭州/北京在招！
职业要求：
1、支持行业云平台和云产品在不同芯片架构和服务器下适配的技术方案，推动多部门协同，解决软硬件技术问题，向⽤户提供⾃主可控，安全可信的⾏业云平台。
2、推动行业云横向架构治理，支持特定云产品线的多芯架构升级，包括安全合规、资源共池等，以满⾜各类行业标准和规范。
3、推动云产品在不同芯片体系下的性能调优和应用迁移技术方案，实现行业云平台的平滑迁移。
职位描述
1、熟悉主流的云平台架构，了解云计算相关虚拟化、容器、网络、存储系统等基本原理和应用场景。
2、有3年以上分布式系统应用开发与运维经验，能推动跨团队的技术项目。
3、加分项：熟悉各类CPU架构下的服务器硬件、OS、基础软件生态。
4、良好的沟通、协调与逻辑思维能力，具有很强的分析问题和解决问题的能力，能推动多部门协同的项目顺利推进。",在线,"诚云科技
·
HRG",True,True,继续沟通,1784513468.1815622,9d012ffe1bf44758bd772c37d6b18ae6
ebf62e9083b3d17d0nB-3tq4ElRV,影像系统开发工程师-camera hal,芯知科技,,19-26K,3-5年,本科,杭州西湖区中节能·西溪首座A4号楼,分布式系统开发,杭州,101210100,https://www.zhipin.com/job_detail/ebf62e9083b3d17d0nB-3tq4ElRV.html,"岗位职责：
方向一：相机集成开发方向：
岗位职责：
1.负责相机算法集成模块的开发、维护工作；
2.负责相机在研、升级项⽬的研发与维护；
3.负责相机相关功能测试及验证分析；
4.负责相机其他相关系统开发⼯作。
⽅向二：相机功耗优化方向：
岗位职责：
1.负责相机整机功耗评估与⽅案设计；
2.负责相机整机功耗问题的定位与处理；
3.负责相机各场景（预览、录像、拍照等）功耗优化。
任职要求：
1.本科及以上学历，计算机、电子、通信等相关专业；
2.3年以上Android系统/嵌入式开发经验；
3.熟悉C/C++，具备良好的代码能力；
满足以下任一方向经验即可：
集成方向：熟悉Camera HAL层、Android Camera框架，有算法集成经验；
功耗方向：熟悉功耗分析工具，有整机功耗优化经验；
有手机厂商、影像芯片厂商或ODM相关经验者优先；
具备良好的沟通能力和团队协作意识。",在线,"芯知科技
·
HR",True,True,继续沟通,1784513478.791082,9d012ffe1bf44758bd772c37d6b18ae6
25ed18a32a260eda0nF92d-8GVRS,智驾中间件开发,易速聘,,14-25K,3-5年,大专,上海青浦区国家会展中心(上海)-C办公楼11,中间件开发,上海,101020100,https://www.zhipin.com/job_detail/25ed18a32a260eda0nF92d-8GVRS.html,"岗位职责：
1.制定软件集成测试策略、编写集成测试计划和测试用例；
2.搭建软件集成测试工具链以及软件集成测试环境；
3.开发和维护自动化集成测试脚本；
4.执行软件集成测试和回归测试。
岗位要求：
1.专科及以上学历，通信、电⼦、⾃动化、计算机科学与技术或相关专业；
2.熟悉CAN（FD）、LIN、SOME/IP、DDS、TCP/IP等通信协议；
3.熟悉接口测试、时序测试、资源（CPU， 内存， 总线负载）测试、错误注⼊测试和容错测试等测试方法；
4.熟悉AutoSAR Adaptive/Classic架构，具备C/C++、python代码编写能力；
5.5年及以上汽车电⼦嵌入式软件底软或中间件测试或开发经验。",在线,"易速聘
·
招聘专家",True,True,继续沟通,1784513500.5154,9d012ffe1bf44758bd772c37d6b18ae6
23fcc79bcc0ccc6f0nFy2tW1FFZR,整车OTA软件中间件开发工程师,上海世科嘉车辆技...,,18-35K,5-10年,本科,上海徐汇区奇瑞全球技术创新中心(上海)上海市徐汇区华泾镇老沪闵路1232号,中间件开发,上海,101020100,https://www.zhipin.com/job_detail/23fcc79bcc0ccc6f0nFy2tW1FFZR.html,"一、岗位名称：整车OTA软件中间件开发工程师
二、岗位职责
1. 负责整车OTA车端软件中间件的架构设计、软件开发、集成测试和量产维护，支撑整车及各域控制器、ECU的软件升级。
2. 负责OTA升级任务管理、升级流程编排、状态机控制、版本校验、升级包解析、断点续传、失败重试、回滚和异常恢复等核⼼能⼒开发。
3. 负责整车OTA主控与TBOX、中央⽹关、智能座舱、域控制器及各ECU之间的通信接口设计和软件实现。
4. 负责基于UDS、DoIP、CAN、车载以太网等协议，实现ECU诊断刷写、会话控制、数据传输、完整性校验和刷写结果确认。
5. 负责OTA车端软件与云端平台、HMI应用、车辆状态服务、诊断服务、安全模块及⽇志系统之间的接口定义和联调。
6. 负责升级前置条件检查功能开发，包括整车电源状态、蓄电池电量、挡位、车速、网络状态、存储空间和控制器在线状态等。
7. 负责升级任务持久化、异常断电保护、系统重启恢复、进程异常恢复、升级日志记录和故障信息上报。
8. 负责OTA安全升级能力集成，包括升级包签名校验、证书校验、数据完整性校验、防回滚和访问权限控制。
9. 负责OTA软件模块划分、接口设计、详细设计、代码实现、单元测试和技术文档编写。
10. 负责OTA中间件在Linux、QNX、Android或AUTOSAR平台上的适配、编译、部署和性能优化。
11. 配合车型项目完成OTA功能集成、台架测试、实车联调、问题定位、问题整改和SOP交付。
12. 负责沉淀通用OTA软件组件和平台化能力，降低不同车型、不同控制器的重复开发和项目适配成本。
三、任职要求
1. 本科及以上学历，计算机、软件工程、通信工程、电子信息、自动化、车辆工程等相关专业。
2. 具有三年以上C或C++软件开发经验，具备良好的模块化设计、面向对象设计和多线程编程能力。
3. 熟悉Linux或QNX软件开发环境，掌握进程、线程、IPC、Socket、文件系统、动态库和系统服务开发。
4. 熟悉TCP/IP、HTTP、MQTT、SOME/IP、DDS等通信协议或中间件技术中的一种或多种。
5. 熟悉UDS、DoIP、CAN或车载以太网，具备诊断刷写、ECU升级或整车通信开发经验。
6. 理解整车OTA基本架构和升级流程，熟悉版本管理、升级包管理、差分升级、断点续传、回滚和异常恢复机制。
7. 熟悉JSON、Protobuf等数据序列化方式，具备接口协议设计和跨模块联调能力。
8. 熟悉Git、Gerrit、Jenkins、CMake等软件开发、代码管理和持续集成工具。
9. 具备较强的问题分析能力，能够结合运行日志、网络报文、系统调用和故障现象定位复杂软件问题。
10. 具备良好的编码规范、文档意识、质量意识和团队协作能力。
四、优先条件
1. 具有整车OTA、FOTA、SOTA或ECU刷写软件开发经验。
2. 具有整车厂、TBOX、中央网关、域控制器或智能座舱平台开发经验。
3. 熟悉AUTOSAR Classic、AUTOSAR Adaptive、UCM、诊断管理或软件包管理机制。
4. 具有QNX、Android Native、Embedded Linux或跨平台中间件开发经验。
5. 熟悉OpenSSL、数字签名、证书体系、安全启动或安全升级机制。
6. 具有多车型平台化、软件组件化或多项目复用经验。
7. 具有升级失败、异常断电、刷写中断、控制器变砖及回滚恢复等问题处理经验。
五、岗位目标
1. 建设稳定、可靠、可复用的整车OTA车端中间件能力。
2. 确保升级流程安全、可靠、可恢复、可追溯。
3. 支撑不同车型和不同控制器快速接入整车OTA平台。
4. 降低车型项目OTA软件的重复开发和适配成本。
5. 保障OTA软件按时、按质完成项目SOP交付。",3日内活跃,"上海世科嘉车辆技...
·
主任工程师",True,True,继续沟通,1784513512.946636,9d012ffe1bf44758bd772c37d6b18ae6
d2b0d3b01367d8ee0nF93t25FVFQ,中间件开发 MiddlewareDevelopmentEngineer,商泰汽车,,15-30K,1-3年,本科,上海黄浦区新华联大厦(南昌路)西楼,中间件开发,上海,101020100,https://www.zhipin.com/job_detail/d2b0d3b01367d8ee0nF93t25FVFQ.html,"工作职责:
1，负责面向 QNX、Linux、Android 等操作系统的中间件模块设计、开发、调试与维护。
2，参与系统服务、通信机制、驱动适配层、接口封装等基础软件能力建设。
3，负责跨平台中间件组件的移植、性能优化、稳定性提升和问题定位。
4，配合应用、系统、驱动及测试团队，完成接口联调、问题分析和版本交付。
5，编写设计⽂档、接口说明、调试⽂档和维护⼿册等技术文档。
6，探索并使用 AI ⼯具提升代码开发、问题分析、测试和文档编写效率。
1. Design, develop, debug, and maintain middleware modules for QNX, Linux, Android, and related operating systems.
2. Participate in the development of core software capabilities, including system services, communication mechanisms, driver adaptation layers, and interface encapsulation.
3. Support cross-platform middleware porting, performance optimization, stability improvement, and issue troubleshooting.
4. Work closely with application, system, driver, and testing teams to complete interface integration, issue analysis, and version delivery.
5. Prepare technical documentation, including design documents, interface specifications, debugging guides, and maintenance manuals.
6. Explore and apply AI tools to improve efficiency in coding, issue analysis, testing, and documentation.
任职资格:
1，本科及以上学历，计算机、软件工程、电子信息、自动化等相关专业。
2，具备 3-5 年 C/C++ 开发经验，有嵌入式 Linux、QNX 或 Android 平台开发经验。
3，熟悉操作系统基础原理，包括进程/线程、IPC、内存管理、文件系统、网络通信等。
4，熟悉中间件开发场景，如系统服务、通信框架、HAL/抽象层、SDK/API 封装等。
5，具备良好的问题分析和调试能力，熟悉 GDB、日志分析、性能分析等常用工具。
6，具备良好的代码规范意识、文档能力和团队协作能力。
优先条件：
7，有车载系统、智能座舱、ADAS、机器人或工业控制相关项目经验者优先。
8，熟悉 SOME/IP、DDS、MQTT、DBus、Binder、Socket、共享内存等通信机制者优先。
9，有 Android Framework、HAL、Native Service 或 QNX Neutrino 开发经验者优先。
10，有跨平台软件架构设计、模块移植或性能优化经验者优先。
11，有 AI 编程工具、代码生成工具、自动化测试或研发提效工具使用经验者优先。
1. Bachelor's degree or above in Computer Science, Software Engineering, Electronic Engineering, Automation, or related fields.
2. 3-5 years of C/C++ development experience, with hands-on experience in Embedded Linux, QNX, or Android platform development.
3. Solid understanding of operating system fundamentals, including processes/threads, IPC, memory management, file systems, and network communication.
4. Familiarity with middleware development scenarios such as system services, communication frameworks, HAL/abstraction layers, and SDK/API encapsulation.
5. Strong problem-solving and debugging skills; experience with tools such as GDB, log analysis, and performance profiling tools.
6. Good coding discipline, documentation skills, and teamwork spirit.
Preferred Qualifications:
7. Experience in automotive systems, intelligent cockpit, ADAS, robotics, or industrial control projects is preferred.
8. Familiarity with communication mechanisms such as SOME/IP, DDS, MQTT, DBus, Binder, Socket, or shared memory is preferred.
9. Experience with Android Framework, HAL, Native Service, or QNX Neutrino development is preferred.
10. Experience in cross-platform software architecture, module porting, or performance optimization is preferred.
11. Experience using AI coding tools, code generation tools, automated testing tools, or R&D productivity tools is preferred.",3日内活跃,"商泰汽车
·
HR",True,True,继续沟通,1784513534.765495,9d012ffe1bf44758bd772c37d6b18ae6
28fb3445cde797370nFy2dm_EFVT,中间件开发工程师,中科软,,13-14K,3-5年,大专,上海闵行区阿里中心·上海虹桥奇瑞,中间件开发,上海,101020100,https://www.zhipin.com/job_detail/28fb3445cde797370nFy2dm_EFVT.html,"岗位职责
1、负责智能座舱、智能驾驶车载中间件的设计、开发、适配与量产迭代，支撑整车SOA软件架构落地。
2、负责车载通信中间件核心模块开发与优化，包含服务注册、发现、订阅、通信调度、数据管理等功能，保障整车通信实时性、稳定性与安全性。
3、基于Linux/Android/QNX车载系统，完成中间件跨平台适配、性能调优、内存与延时优化，解决量产各类软硬件兼容问题。
4、遵循车载ASPICE、功能安全开发流程，参与需求分析、方案设计、代码开发、联调测试、问题闭环，输出规范技术文档。
5、跟进车载基础软件前沿技术，负责中间件技术预研、架构迭代、难点攻坚，⽀撑车型持续迭代升级。
6、协同智驾、座舱、车联、硬件团队完成联调交付，保障项⽬⾼质量量产落地。
任职要求
1、本科及以上学历，计算机、软件工程、电子信息、汽车电⼦等相关专业。
2、3-5年以上车载/嵌入式中间件开发经验，有车企或Tier1量产经验优先。
3、熟练掌握 C/C++、Linux 开发，熟悉多线程、网络编程、进程通信等底层技术。
4、熟悉车载SOA架构，掌握SOME/IP、DDS、AutoSar（AP/CP）任意一种及以上中间件技术。
5、熟悉车载操作系统（Linux/Android/QNX），具备中间件适配、性能优化、问题定位能力。
6、熟悉车载软件开发流程，了解ASPICE、ISO26262规范者优先。
加分项
1、有整车厂车载中间件量产落地经验优先
2、熟悉OTA、诊断、日志、车载服务治理框架优先
3、有SOA架构改造、平台化中间件搭建经验优先",在线,"中科软
·
HR",True,True,继续沟通,1784513545.218349,9d012ffe1bf44758bd772c37d6b18ae6
ce1c838ef3a599ab0nF92d61ElNU,中间件运维工程师,天翼支付科技有限公司,,15-25K,1-3年,本科,上海虹口区华虹国际大厦3楼,中间件开发,上海,101020100,https://www.zhipin.com/job_detail/ce1c838ef3a599ab0nF92d61ElNU.html,"工作职责：
1. 中间件服务运维
      - 负责 Nacos、RocketMQ、Kafka、Zookeeper 等中间件服务的部署、升级和维护
      - 负责中间件集群的日常监控、告警处理及故障排查
      - 制定并执行中间件服务的备份、容灾和高可⽤⽅案
   2. 性能优化与调优
      - 对中间件服务进⾏性能监控、分析和调优
      - 根据业务需求进行容量规划和资源调整
      - 优化中间件配置参数，提升系统稳定性和性能表现
   3. 技术支持与协作
      - 与开发团队紧密合作，提供中间件相关的技术⽀持和咨询
      - 协助开发团队解决中间件使用过程中的技术问题
      - 编写和维护中间件运维文档、操作手册
   4. 运维体系建设
      - 建立和完善中间件监控告警体系
      - 推动中间件服务的标准化和规范化管理
任职要求：
 1. 工作经验
      - 2年以上中间件运维相关工作经验
      - 具备 Nacos、RocketMQ、Kafka、Zookeeper 等中间件的实际部署和运维经验
   2. 技术能力
      - 熟练掌握 Linux 操作系统，具备 Shell/Python 脚本编写能力
      - 熟悉上述中间件的原理、架构及核心机制
      - 能够独立完成中间件的安装、配置、监控和故障排查
      - 了解中间件集群的高可用架构设计和容灾方案
   3. 综合能力
      - 具备良好的沟通能力和团队协作精神
      - 具有较强的责任心和问题解决能力
      - 能够承受一定的工作压力，具备良好的抗压能力
  加分项
   - 熟悉 Docker、Kubernetes 等容器化技术，有相关实践经验者优先
   - 熟悉 Prometheus、Grafana 等监控工具的使用和配置
   - 有大规模中间件集群运维经验者优先
   - 熟悉消息队列的性能调优和问题排查
   - 有中间件源码阅读或二次开发经验者优先",在线,"天翼支付科技有限公司
·
hr",True,True,继续沟通,1784513562.829974,9d012ffe1bf44758bd772c37d6b18ae6
76576cb7bb1a4bd10nF_2N20GFdQ,Java后端开发岗,深圳网新新思,,12-18K,3-5年,本科,上海虹口区星立方大厦B座1,中间件开发,上海,101020100,https://www.zhipin.com/job_detail/76576cb7bb1a4bd10nF_2N20GFdQ.html,"岗位职责
:1、负责券商线上理财、交易、账户、行情等App核心业务后端模块设计、编码与迭代开发，承接开户、资产查询、基金理财、资讯推送等金融业务需求:
2、设计标准化RESTful⾦融APl，制定接口报⽂规范、参数校验、加密签名、权限鉴权⽅案，保障用户资金与账户数据安全;
3、与前端、产品、测试、运维、柜台团队紧密协作，参与需求评审、技术⽅案设计、单元测试、灰度发布全流程，推动项目高效交付:
任职要求:
1、计算机或相关专业本科及以上学历，3年左右Java后端开发经验;
2、熟练掌握Java核心技术(集合、多线程、I0、JVM基础等);
3、熟悉主流技术栈，包括但不限于: Spring Boot/Spring Cloud,MySQL/Oracle等关系型数据库、Redis,RabbitMQ/Kafka等中间件、Maven/
Gradle、Git 等开发工具;
4、具备良好的SQL编写与调优能力，了解基本的系统性能优化方法;
5、熟悉RESTful API设计规范，有微服务或分布式系统开发经验者优先;",在线,"深圳网新新思
·
HR",True,True,继续沟通,1784513573.384794,9d012ffe1bf44758bd772c37d6b18ae6
63d540e20a99940a03B90ti4FFJR,JAVA服务端开发工程师（财务系统-外包岗）,东方财富集团,,13-18K,1-3年,本科,上海徐汇区东方财富大厦金座,中间件开发,上海,101020100,https://www.zhipin.com/job_detail/63d540e20a99940a03B90ti4FFJR.html,"岗位职责：
1、参与业务需求分析，参与确定技术方案；
2、根据设计要求进行财务相关系统的开发、调试与集成；
3、负责独立功能模块的需求分析、技术设计和开发；
4、参与对系统的性能调优、BUG分析及修正等优化工作；
5、与内部团队和业务部门保持有效沟通，促进跨部门协作，推动项目顺利进行。
6、完成公司交办的其他工作。
任职要求：
1、本科及以上学历，2年以上JAVA开发经验；
2、熟悉Java编码，多线程机制、IO机制、集合框架等；
3、熟悉使用Redis、Kafka、Nginx、ES等开源中间件；
4、熟悉Linux/Unix平台，熟悉关系型数据库 Mysql、Oracle的SQL脚本编写；
5、具有良好的学习能力、较强的逻辑思维和归纳总结能力，工作态度认真负责，做事积极主动；
6、熟悉金融或者企业财务相关的业务，有参与财务系统开发经验者优先。",在线,"东方财富集团
·
人事招聘专员",True,True,继续沟通,1784513606.392025,9d012ffe1bf44758bd772c37d6b18ae6
ef91026a7125e8880nB43tS1E1FR,后端开发工程师,上海市政工程设计...,,9-12K,1-3年,本科,上海杨浦区市政设计大厦中山北二路901号,中间件开发,上海,101020100,https://www.zhipin.com/job_detail/ef91026a7125e8880nB43tS1E1FR.html,"岗位职责：
负责后端系统的设计、开发与维护，保障⾼性能、⾼可⽤及可扩展性；
参与需求分析、技术方案设计及核心代码编写，解决后端技术难题；
优化现有系统架构与代码，提升稳定性和运⾏效率；
跟进后端技术研究，推动技术创新与落地。
岗位要求：
本科及以上学历，计算机相关专业优先；
熟练掌握Java，熟悉Spring Boot/Spring Cloud等主流框架；
掌握数据库设计与优化，熟悉MySQL、PostgreSQL或MongoDB；
了解分布式系统设计，有微服务开发经验者优先；
了解Redis、RabbitMQ/Kafka等缓存及消息中间件；
有高并发、高性能系统经验，熟悉负载均衡、分库分表者优先；
学习能力强，理论基础扎实，有良好的编码习惯。",刚刚活跃,"上海市政工程设计...
·
数字院技术研发所",True,True,继续沟通,1784513661.25139,9d012ffe1bf44758bd772c37d6b18ae6
9a6d6a414a4bb8471Hx52tu6EVVU,Java后端开发4310072,工业富联,,13-20K·13薪,5-10年,本科,上海闵行区维璟中心H座8层工业富联,中间件开发,上海,101020100,https://www.zhipin.com/job_detail/9a6d6a414a4bb8471Hx52tu6EVVU.html,"岗位职责
1.负责核心业务系统与平台的后端研发与项目交付，保障功能实现的稳定性与扩展性；
2.基于业务需求变化，开展系统架构设计与数据库建模，确保系统的高可用性与可维护性；
3.参与项目的技术方案评审与难点攻关，推动关键技术问题的分析与解决；
4.持续优化和迭代现有系统服务，提升性能与可靠性，快速定位并修复生产缺陷；
5.严格遵循研发流程与规范，撰写并维护系统设计文档、接口文档及项目交付文档。
任职要求
1.全日制本科及以上学历，计算机科学、软件工程等相关专业背景，4 年以上后端研发经验；
2.熟练掌握数据库设计与优化、分布式架构设计、数据结构与算法、容器化技术及 Linux 系统；
3.精通 Spring Boot 及相关微服务框架生态，具备扎实的 Java 编程能力；
4.熟悉常见中间件（如 Redis、Kafka、RabbitMQ、Nacos 等）的应用与调优；
5.有碳数字化、能源管理或相关行业产品研发经验者优先。",3日内活跃,"工业富联
·
HRBP",True,True,继续沟通,1784513713.4783418,9d012ffe1bf44758bd772c37d6b18ae6
8c1f8da0c5b18319031429S5FVZV,后端开发工程师,上海波汇,,18-22K·13薪,5-10年,本科,上海松江区波汇科技园5号楼4层,中间件开发,上海,101020100,https://www.zhipin.com/job_detail/8c1f8da0c5b18319031429S5FVZV.html,"岗位职责：
1.核心系统设计与开发： 负责公司核心业务系统及平台服务的设计、开发与迭代，保障系统的高可用、⾼并发与可扩展性。
2.复杂业务与技术攻关： 解决系统开发、运⾏中遇到的重⼤技术问题，如性能瓶颈、高并发场景、数据一致性等。
3.负责Spring Boot、Spring Cloud微服务框架的搭建、治理和优化。
4.负责数据库（MySQL）的设计、优化、SQL调优及Redis缓存的合理应⽤。
5.负责消息队列（RabbitMQ）的应用，解耦系统，保证最终一致性或异步任务处理。
6.负责WebSocket、MQTT等协议的服务端实现，满足实时通信和物联网场景需求。
7.负责在Linux环境下进行项目的部署、发布、监控及故障排查。
8.工业物联网/数据采集： 核心职责：负责工业协议适配器的开发与集成，实现与各类设备、系统的数据通信与指令控制。
9.技术规划与团队赋能： 参与技术选型、架构评审，编写核心代码和技术文档，并指导和培训中级开发工程师
任职要求：
1.必备技能：
1.5年以上Java开发经验，计算机相关专业本科及以上学历。
2.精通 Java 语言及 JVM 原理，具备丰富的多线程、并发编程、网络编程经验，能进行 JVM 性能调优。
3.精通 Spring Boot、Spring Cloud (Alibaba) 等微服务框架，并深入理解其核心原理（如 IoC、AOP、服务发现、配置中心等）。
4.精通 MySQL数据库应用，有丰富的SQL优化、索引设计及慢查询处理经验。
5.精通 Redis，了解多种数据类型的使用场景，具备集群和应用经验。
6.具备工业协议适配器开发经验，精通以下至少两种协议：
1.工业标准协议： Modbus (RTU/TCP), IEC 104, OPC (UA/DA）
2.物联网协议： MQTT
3.行业/私有协议： 如国标协议（GB/T 系列）或其他私有 TCP/UDP 协议。
4.熟练使用 MyBatis/MyBatis-Plus，了解其ORM机制。
5.熟练使用 RabbitMQ/Kafka 等消息中间件，理解其应用场景和原理。
6.熟练 Python 语言，有脚本开发或数据处理经验
7.熟练 Git 版本控制工具及 Maven/Gradle 构建工具。
8.熟悉前端技术（Vue/React），深刻理解前后端分离协作模式
加分项：
1.有国产化软硬件环境（如麒麟OS、鲲鹏/飞腾CPU、达梦/金仓数据库、东方通中间件）的适配、部署和性能调优经验。
2.有 Docker、K8s 等容器化技术的实际项目经验。
3.具备系统架构设计能力，有高并发、分布式、缓存、负载均衡方面的实战经验。
4.对技术有热情，具备优秀的问题分析及解决能力。
5.具备良好的沟通能力、团队协作精神和责任心。",刚刚活跃,"上海波汇
·
招聘主管",True,True,继续沟通,1784513729.173043,9d012ffe1bf44758bd772c37d6b18ae6
eb6c81f0da4a83371XNz2dW7ElZQ,嵌入式软件工程师（Linux系统）,优利德,,18-30K·14薪,3-5年,本科,成都郫都区国腾科技园11栋A302,Linux系统开发,成都,101270100,https://www.zhipin.com/job_detail/eb6c81f0da4a83371XNz2dW7ElZQ.html,"任职要求：
1、电子信息工程，计算机，通信，自动化等相关专业；
2 、熟练使用C/C++进行软件开发；
3 、熟悉Linux系统；
4 、熟练使用Qt，有qml开发经验优先；
5 、熟悉数字信号处理优先；
6 、熟练使用matlab或者相关算法仿真工具优先；
7 、有仪器仪表行业工作经验优先；
8 、较好的英语阅读能力，能看懂数据手册进行驱动编写；
9 、有ZYNQ或者MPSOC开发经验优先。
岗位职责：
 1、和团队成员进行项目方案制定，软件架构搭建和开发；
 2、负责按时完成软件模块功能并交付；
 3、负责产品的整个生命周期软件部分开发和维护任务；
 4、将软件成果文档化，软件模块标准化。",在线,"优利德
·
人力资源总监",True,True,继续沟通,1784513751.266261,9d012ffe1bf44758bd772c37d6b18ae6
398ce85482d5944a0nFy29m7FFZT,嵌入式开发（ C++/Linux/RTOS/工业自动化）,瞬联科技,,16-20K,3-5年,本科,成都郫都区西门子工业自动化产品(成都)有限公司,Linux系统开发,成都,101270100,https://www.zhipin.com/job_detail/398ce85482d5944a0nFy29m7FFZT.html,"五点下班，午休1h，有班车，成都覆盖线路广，包早午餐。缴纳五险一金。
五点下班，午休1h，有班车，成都覆盖线路广，包早午餐。缴纳五险⼀⾦。
岗位⼀：
岗位要求:
1、电子信息、计算机科学、自动化、数学或相关⼯程专业，统招本科学历以上。
2、3 年以上嵌入式软件开发经验，具备在ARM Cortex-MA 系列平台上进行开发的实战经验，热悉FreeRTOS、Zephvr, Real-Time Linux 等主流 RTOS 的仟务调度、内在管理与中断机制和实时性调优，（至少其中一个有了解，纯Linux不行）
3、扎实掌握嵌入式系统实时应用程序开发、驱动程序开发及通信协议(如TCPP、SSL、IOLink)的相关知识与实践经验。
（熟悉现代软件开发方法，包括整洁代码(ClcanCode)、测试驱动开发(TDD)，静态代码分析，及单元测试(Unil Test)。
4、具备工业实时以太网协议深度开发经验者优先，包括PROFINETIRT、EIbeLCAT.
Modbus TCPRTU、S7 通信等协议栈的移植与调试能力。
5、具备工业自动化系统经验(如运动控制、PDD控制、扩展模块)者优先。
岗位二：
岗位职责:
1. 负责嵌入式产品固件的设计、开发、调试与维护，包含底层驱动、系统模块及应用功能的开发落地与集成工作。
2. 依托Embedded Linux、RTOS平台开展软件开发，全程跟进需求拆解、技术方案设计、编码开发、调试验证、故障定位全流程。
3. 搭建、运维渗透测试环境。
4. 开发、执行交换机/PLC网络协议相关渗透测试用例。
5. 复盘失败测试用例，定位故障根因。
6. 固件方案设计与编码实现，落地单元测试工作。
岗位要求:
1.统招本科及以上，毕业4年以上，C++开发经验3年以上，网络协议开发经验
2. C++功底扎实，精通面向对象编程、设计模式与代码重构。
3. 具备UDP/TCP/SSL/TLS网络协议开发实战经验，可熟练使用Wireshark抓包排查网络异常。
4. 优秀的团队协作能力，英文文档读写能力良好，工作主动性强。
5. 本科及以上学历，计算机、电子工程、自动化等相关专业。
6. 有驱动开发、板级软件开发、软硬件联调项目经历，熟悉常用外设接口与调试手段。
7. 熟练使用Embedded Linux / RTOS任一开发环境并有项目落地经验，同时掌握两类平台者优先。",在线,"瞬联科技
·
HR.招聘",True,True,继续沟通,1784513763.2364428,9d012ffe1bf44758bd772c37d6b18ae6
203a3ce93bf1a5fb0nF709W5E1tW,系统开发工程师,极米科技,,15-20K·14薪,3-5年,本科,成都武侯区天府软件园A区A4,Linux系统开发,成都,101270100,https://www.zhipin.com/job_detail/203a3ce93bf1a5fb0nF709W5E1tW.html,"【岗位职责】
1、负责 Android 智能投影系统的集成与优化（Linux Kernel、HAL 层、Framework 层）
2、负责 WiFi / Bluetooth 等⽆线模组的驱动集成、调试与性能优化
3、参与系统稳定性、性能调优、功耗优化等⼯作，解决卡顿、内存泄漏、Crash 等问题
4、负责 Android 系统 Bring-up、系统开发与维护
5、参与新功能的技术预研与⽅案设计，输出技术文档
6、与硬件、结构、算法、测试等团队协作，推动产品顺利落地
【任职资格】
1、本科及以上学历，计算机、电子、通信等相关专业
2、3 年及以上 Android 系统开发经验
3、熟悉 Android 系统架构（Kernel、HAL、Framework 层）
4、精通 C/C++，熟悉 Java/Kotlin
5、具备系统稳定性问题的分析与解决能⼒（Crash、ANR、内存泄漏等）
【加分项】：
1、有 WiFi / Bluetooth 模组驱动开发经验（如 Broadcom、Realtek、Amlogic、MTK 等平台）
2、有投影、TV、机顶盒等显示类产品开发经验
3、熟悉 Android Treble / AVB / OTA 升级机制
4、有功耗优化、性能调优实际经验
5、有高通、MTK、Amlogic 等 SoC 平台开发经验
6、熟悉 SELinux、TrustZone 等安全机制",在线,"极米科技
·
招聘者",True,True,继续沟通,1784513775.667087,9d012ffe1bf44758bd772c37d6b18ae6
af902ca38cb3b44d0nd43dq9GVRS,银行核心系统开发工程师,壹账通,,15-25K·16薪,3-5年,本科,成都武侯区天府金融大厦B座12楼,Linux系统开发,成都,101270100,https://www.zhipin.com/job_detail/af902ca38cb3b44d0nd43dq9GVRS.html,"职责描述：
·参与核心银行系统（CBS）、支付清算系统（Payment Hub）的需求分析、架构设计与编码实现：
1，开发基于微服务架构的分布式金融应⽤，保障交易⼀致性与系统容错能⼒
2，进行数据库设计与性能调优，支持⼤规模数据存储与高并发访问
3，部署与维护基于Kubernetes的容器化应用，实现CI/CD自动化流程
4，协同团队完成系统集成、联调测试与上线支持
5，编写高质量、可维护代码，遵循金融行业安全编码规范
 要求：
 1，精通 Java 8+，熟练掌握 Spring Boot、Spring Cloud、Spring Transaction 等框架
 2，理解微服务架构原则，熟悉服务注册发现、熔断限流、配置中心等机制；了解常见分库分表策略（如ShardingSphere、MyCat）
 3，熟练使用 MySQL、DB2、Oracle 等主流数据库；具备SQL优化、执行计划分析、索引设计等实战经验；了解金融级数据一致性保障机制
 4，熟悉 Redis（缓存穿透/雪崩应对）、RabbitMQ/Kafka（消息可靠性投递、顺序消费）等中间件原理与调优
 5，熟悉 Linux 操作系统常用命令；掌握 Docker 容器技术与 Kubernetes 集群管理，具备 YAML 编排与 Helm 部署经验
 6，有银行核心系统（Core Banking）、支付系统（Payment System）、清算系统等金融系统交付经验者优先
 7，良好的英语读写与口语沟通能力，能与海外团队高效协作（如参与英文站会、编写技术文档）",3日内活跃,"壹账通
·
HR",True,True,继续沟通,1784513788.2386959,9d012ffe1bf44758bd772c37d6b18ae6
c409e18a0646fb7d0nd92969FltV,座舱系统开发工程师,赛力斯汽车,,14-28K·14薪,5-10年,本科,成都武侯区德必天府五街WE(成都国际数字科技中心)成都市高新区德必天府五街WE-7A01,Linux系统开发,成都,101270100,https://www.zhipin.com/job_detail/c409e18a0646fb7d0nd92969FltV.html,"岗位职责：
1.开发和维护Android framework层接口，与应用层、硬件、测试等团队协作，提供接口和调试支持；
2.开发iptables/WIFI/AP/netd/firewall的定制功能，优化兼容性、连接稳定性、吞吐量、功耗和延迟；
3.参与WIFI认证及操作性测试，保障产品符合标准和兼容性要求；
4.配置整机网络路由IP TABLE、5G业务功能需求开发；
任职要求：
1.本科及以上学历，计算机科学与技术、软件工程、电⼦信息⼯程等相关专业，扎实的专业知识是开展⼯作的基础。
2.拥有5年以上汽车电子或智能座舱系统开发经验。
2.深入理解蓝⽛或Wi-Fi协议标准
3.精通 C、C++、Java 等主流编程语言，熟练运用软件设计模式解决实际问题，具备深厚的编程功底。
4.具备在Android/Linux操作系统上开发调试WIFI协议栈；
5.熟悉netd/WiFi/AP/firewall",刚刚活跃,"赛力斯汽车
·
招聘调配高级专员",True,True,继续沟通,1784513798.7892349,9d012ffe1bf44758bd772c37d6b18ae6
f01f6eb5ee5dc40203V83Nm4FVJY,中高级软件开发工程师（系统软件开发部）,深圳佰维科技有限公司,,15-25K,3-5年,本科,成都武侯区成都佰维存储科技有限公司,Linux系统开发,成都,101270100,https://www.zhipin.com/job_detail/f01f6eb5ee5dc40203V83Nm4FVJY.html,"职位描述： 
1.负责存储产品的上位机软件开发、测试工具的开发及维护；
2.负责磁盘(SSD/pssd/SD卡/U盘)终端用户管理/数据恢复工具开发；
3.参与开发需求、架构/特性/模块设计文档及测试用例设计文档的评审；
4.负责攻关重难点项目，解决开发中的关键问题，实现突破；
5.承担部分初级工具开发工程师的培养工作。
职位要求： 
1.本科及以上学历，计算机相关专业；
2.熟练掌握C++/python程序开发，具备windows/Linux开发经验，有MacOS系统下桌面应用开发经验优先；
3.熟悉SSD NVME/SATA协议，有存储行业量产工具开发经验优先；
4.熟练掌握FAT32/exFAT/NTFS/ext4/HFS/APFS等主流文件系统；
5.熟练掌握数据恢复底层原理，熟悉国内外行业头部数据恢复软件和工具使用；
6.工作态度积极、能主动克服各种困难、自我驱动能力优秀；
7.具有良好的沟通能力和团队合作精神，能够承受工作压力；
8.具有良好的英语读写能力，能够阅读和理解英文技术文献。",在线,"深圳佰维科技有限公司
·
HR",True,True,继续沟通,1784513822.0776262,9d012ffe1bf44758bd772c37d6b18ae6
afad0f52b342796d1HJ80tu8FVNX,linux嵌入式软件工程师,成都振芯科技股份...,,15-25K,3-5年,本科,成都武侯区振芯科技,Linux系统开发,成都,101270100,https://www.zhipin.com/job_detail/afad0f52b342796d1HJ80tu8FVNX.html,"工作职责：
1、负责根据项目需求输出AI SoC芯片平台的嵌入式Linux固件包、驱动包的开发及调试；
2、配合算法工程师、硬件工程师完成AI算法的移植、部署、优化工作；
3、负责AI SoC的软硬件底层驱动优化及相关的标准文档、技术资料编写。
4、必要时承担团队内部的其他研发工作，包括但不限于AI算法移植及部署、系统优化等能力范围以内的工作。
岗位要求：
1、具有嵌入式软件开发经验，深入理解Linux操作系统，熟悉内核、设备驱动、文件系统；
2、熟练掌握C／C＋＋语言，具备底层驱动程序，应用程序编写和调试能力；
3、理解计算机体系结构，熟悉主流SoC系统硬件架构，了解AI芯片；
4、能够读懂硬件原理图和相关数据手册，了解高速接口协议；
5、能够熟练使用逻辑分析仪、示波器等仪器设备进行故障排查；
6、具有通信设备相关嵌入式驱动开发工作经验优先。",在线,"成都振芯科技股份...
·
HR",True,True,继续沟通,1784513841.987697,9d012ffe1bf44758bd772c37d6b18ae6
78fe24724fdab87e0nRy3NS7E1RQ,Linux系统工程师,希望森兰,,15-25K·13薪,3-5年,本科,成都双流区希望森兰科技股份有限公司,Linux系统开发,成都,101270100,https://www.zhipin.com/job_detail/78fe24724fdab87e0nRy3NS7E1RQ.html,"工作内容：
1、 负责基于Linux裁剪优化、preempt实时性改进，满足EtherCAT任务的实时性要求，确保产品性能满足工业⾃动化场景的⾼精度、⾼可靠性需求；
2、负责linux设备驱动研发
3、负责嵌入式软件功能组件的研发
任职资格：
1、 统招本科及以上学历，3年+linux系统裁剪和驱动研发经验
2、 有linux系统裁剪、preempt等实时补丁优化经验
3、 独立承担嵌⼊式软件开发工作，熟悉RTOS系统、linux驱动开发
4、 有工控产品(PLC、运动控制、板卡、机器人＜br/＞等）开发或使用经验优先",刚刚活跃,"希望森兰
·
HR",True,True,继续沟通,1784513854.441647,9d012ffe1bf44758bd772c37d6b18ae6
c1285d5d3ebd3d021Xx83t-5GVtT,高级Android/Linux BSP开发工程师,鼎桥技术,,18-25K·15薪,3-5年,本科,成都双流区AI创新中心A区A2,Linux系统开发,成都,101270100,https://www.zhipin.com/job_detail/c1285d5d3ebd3d021Xx83t-5GVtT.html,"负责的产品形态涉及手机、平板、穿戴、记录仪、网关等均为自研，BSP岗位较多有兴趣细聊
工作职责：
1、负责Android/Linux终端设备Kernel、HAL层及外设驱动程序开发;
2、负责解决测试和客户反馈的问题，确保项目进度按时达成。
职位要求：
1、电子，通讯，计算机及相关专业，英语CET4及以上。
2、熟练掌握C/C++编程，熟悉硬件设计，熟悉Linux内核、底层驱动、hal相关开发经验，3年以上相关开发经验。
3、有常用设备如lcd、camera、audio、网络、USB、PMIC、电池、等驱动及HAL开发
4、有系统安全、文件系统、OTA升级、安全加密算法等调试经验优先。
5、具备OH系统移植和适配优先，具备完整的Bootloader kernel  文件系统移植经验优先
6、思维清晰、敏捷，良好的学习能力，良好的沟通能力和团队协作精神。",今日活跃,"鼎桥技术
·
底软技术经理",True,True,继续沟通,1784513871.836546,9d012ffe1bf44758bd772c37d6b18ae6
4d196156446cdd950nd82NW7GVZV,Python web软件开发工程师——DevOps系统,黑芝麻智能,,15-20K·15薪,3-5年,本科,成都武侯区黑芝麻智能科技(成都)有限公司3楼,Linux系统开发,成都,101270100,https://www.zhipin.com/job_detail/4d196156446cdd950nd82NW7GVZV.html,"工作描述：
1. 参与公司自研DevOps系统的WEB平台前后端开发；
2. 参与自动化测试框架开发、维护以及其他效率工具开发
3. DevOps系统及其容器、服务器运⾏维护
4. 其他分配的职责。
Position Qualifications: 
任职要求：
1. 计算机、通信相关专业全⽇制本科及以上学历；
2. 有3年以上python开发经验，⾄少参与过1~2个python web项目开发；
3. 熟悉持续构建、持续测试和持续交付相关的项目流程及常⽤的工具；
4. 掌握web平台常用的nginx、redis、MQ、sql等中间件的问题定位和使用优化；
5. 熟练掌握K8S、Docker、Linux等运行环境管理；",在线,"黑芝麻智能
·
招聘专员",True,True,继续沟通,1784513895.324718,9d012ffe1bf44758bd772c37d6b18ae6
4e968765d7ac19791HZ93N-_GFZT,C++开发工程师（客户端）,开目信息股份,,11-20K·13薪,1-3年,本科,武汉洪山区武汉软件新城D7栋,C++开发,武汉,101200100,https://www.zhipin.com/job_detail/4e968765d7ac19791HZ93N-_GFZT.html,"岗位职责
1. 根据产品需求文档进行软件开发，完成复杂度中等模块的设计编码及单元测试工作；
2. 参与业务方案设计和需求分析，配合制定需求方案，进行技术突破工作研究，配合测试人员进行测试；
3. 参与业务系统架构设计工作，确保系统具备良好的架构设计并遵循一致的技术规范。
任职要求
1. 熟练掌握C++语言，具备数据结构、算法等相关知识，具备较好的面向对象编程思想以及编码规范；
2. 掌握Windows平台下各种常用开发工具及知识；
3. 2年以上C++开发相关经验，具备机械工程背景知识、熟悉CATIA、NX、Creo、SolidWorks等三维软件二次开发之一优先；
4. 具有良好的沟通和表达能力，团队合作精神；学习能力强，有高度的责任心。",在线,"开目信息股份
·
HR",True,True,继续沟通,1784513919.3152618,9d012ffe1bf44758bd772c37d6b18ae6
f54db83f1e53fb8d1HZ72dS1EVZQ,嵌入式软件开发工程师（C++）,有为,,11-22K,1-3年,本科,武汉江夏区光谷金融港B22栋四楼401室,C++开发,武汉,101200100,https://www.zhipin.com/job_detail/f54db83f1e53fb8d1HZ72dS1EVZQ.html,"岗位职责：
1、 按项目分配的任务完成linux系统应用开发方案的设计与规划
2、 负责公司产品的系统应用软件设计、编写和调试
3、 保证代码质量及系统稳定性。
4、 编写产品技术文档，收集相关资料等
5、 对软件系统的各个版本进行归类整理
岗位要求：
1、计算机、通信、自动化等相关专业本科以上学历，嵌入式应用软件开发经验2年以上
2、扎实的C/C++语言开发功底，有2年以上C++11 实际开发经验
3、对Linux、Windows进程、线程、多任务、同步、异步操作有相关经验
4、了解socket、视频、音频开发。
5、对嵌入式应用软件时间优化、空间优化、7*24长期稳定运行有一定的认知
6、很强的学习新知识的能力，乐于接受新生技术
7、善于沟通，能承担较大工作压力",在线,"有为
·
HRM",True,True,继续沟通,1784513929.721787,9d012ffe1bf44758bd772c37d6b18ae6
99cbaf33a59314bf0nF92dS9GVRX,C++底层开发工程师,亿纬锂能/锂电池,,12-18K·14薪,5-10年,本科,武汉洪山区鲲龙大厦22楼,C++开发,武汉,101200100,https://www.zhipin.com/job_detail/99cbaf33a59314bf0nF92dS9GVRX.html,"工作职责：
1、参与软件设计与技术调研，持续响应内外部用户反馈的研发需求;
2、参与软件系统/模块的设计、开发、优化及维护工作；
3.、负责指定功能模块的软件设计、开发与调试与自测；
4、独⽴实现⾼实时性、快速响应的PLC控制器开发；
5、参与项⽬实施工作，跟踪解决研发/实施过程的技术问题；
6、完成软件产品研发所需的其他相关工作内容；
岗位要求：
1、本科以上学历，专业不限；
2、5年以上C/C++研发经验，不少于1年的Windows/Linux下底层开发经验，具有组态软件开发经验；
3、熟悉常⽤数据结构、算法设计，熟悉常用设计模式，有良好的编码习惯；
4、具备跨平台软件的开发、调试经验，具备一定的Linux/ Shell编程能力；
5、具有电力电子/电力系统软件/EMS软件、测试软件等相关研发经验者优先；
6、具有储能行业、新能源、电力行业等工作经验者优先。",刚刚活跃,"亿纬锂能/锂电池
·
HR",True,True,继续沟通,1784513943.584799,9d012ffe1bf44758bd772c37d6b18ae6
2df3196d112b43751H1y09q4E1RW,C++开发工程师,汉王科技,,12-20K,3-5年,本科,武汉洪山区汉王科技,C++开发,武汉,101200100,https://www.zhipin.com/job_detail/2df3196d112b43751H1y09q4E1RW.html,"岗位职责：
1.参与C++技术平台建设、模块封装、性能优化；
2.负责产品开发；
任职要求：
1.统招本科及以上，计算机相关专业；
2.从事C++开发工作3年以上，有多人协作开发经验；
3.精通C++，掌握图像处理技术，熟练运用多线程；
4.熟悉Qt、Cuda、Jni、Object C者优先；
5.熟悉Linux、Android、IOS者优先；
6.逻辑清晰，责任心强，具备良好的沟通协作能力。",在线,"汉王科技
·
招聘主管",True,True,继续沟通,1784513953.9033759,9d012ffe1bf44758bd772c37d6b18ae6
2629b90d477264550nF709-5GVJT,高级c++开发工程师,楚能新能源,,15-30K,3-5年,本科,武汉江夏区武汉楚能新能源有限公司,C++开发,武汉,101200100,https://www.zhipin.com/job_detail/2629b90d477264550nF709-5GVJT.html,"【岗位职责】
负责储能EMS的核心调度引擎开发，基于C++实现充放电策略、AGC调频、峰谷套利、多机协同控制等核心算法的代码落地，保障控制指令下发延迟低于10ms。
开发高并发通信⽹关模块，基于C++实现Modbus TCP/RTU、IEC 61850、MQTT等⼯业协议的⾼性能解析，支持单系统接入超200台PCS、BMS设备的稳定数据交互。
搭建EMS系统的实时数据处理框架，完成时序数据的⾤集、清洗、转发与持久化逻辑开发，适配Redis、时序数据库的高性能读写，支撑秒级全量数据刷新。
负责系统高可用架构开发，实现主备机自动切换、故障自愈、数据断点续传等功能，保障储能电站7*24小时无间断运行。
参与电力行业合规性认证相关的代码开发，满足电网侧对EMS系统的安全加密、数据溯源、指令审计等规范要求。
定位并解决底层系统的内存泄漏、线程死锁、高并发下的性能瓶颈问题，输出稳定性优化方案，沉淀可复用的C++基础组件库。
【任职要求】
-计算机、自动化、电力系统相关专业，本科及以上学历，3年以上Linux环境下C++开发经验。
-精通C++11及以上标准，熟练掌握智能指针、多线程编程、网络IO多路复用等核心技术，有千万级数据量下的性能优化实战经验。
-熟悉CMake、GDB、Git等开发调试工具，能独立完成大型C++项目的编译部署与问题排查。
-至少精通1种电力工业通信协议，有储能、电网调度、电力自动化相关项目开发经验优先。
-了解储能系统基本运行原理，能读懂BMS、PCS的设备通信规约，可独立完成设备对接调试。
-具备严谨的编码习惯，能输出规范的技术文档，有高可靠性工业级软件开发经验者优先。
-熟悉Qt开发，有1年以上QGraphicsView框架实际项目开发经验者优先。",在线,"楚能新能源
·
招聘者",True,True,继续沟通,1784513964.693792,9d012ffe1bf44758bd772c37d6b18ae6
15653f46c21458e70nZ-3926E1RU,中级c++开发工程师,中元华电,,15-20K,3-5年,本科,武汉洪山区武汉中元华电科技股份有限公司六路6号,C++开发,武汉,101200100,https://www.zhipin.com/job_detail/15653f46c21458e70nZ-3926E1RU.html,"岗位职责：
1、负责软件代码编写和测试，保证软件质量和进度；
2、负责参与或指导完成部分团队任务；
3、协助高级工程师和部门经理做好技术预研和技术储备；
4、完成上级领导交办的其他工作任务。
任职要求：
1、本科及以上学历，自动化、计算机、通信相关专业；
2、三年及以上信息系统产品系统开发及维护经验；
3、熟悉计算机⽹络、设计模式、Linux操作系统基础知识；
4、熟悉c++跨平台开发（windows和linux），C++多线程通信开发, 了解常⽤跨平台开发技术；
5、熟悉mysql、oracle、达梦、⾦仓数据库中的一种或多种；
6、熟悉sqlite,redis中的一种或者多种；
7、了解基于C++框架的界⾯开发、python、shell、批处理语言中的一种或多种；
8、了解valgrind、drmemory、gperftools、purify性能或内存分析工具中的一种或多种。",刚刚活跃,"中元华电
·
HR负责人",True,True,继续沟通,1784513977.6664379,9d012ffe1bf44758bd772c37d6b18ae6
306c5bcacefe203c1Xxy2NS4EFVW,c++软件开发工程师,苏州联讯仪器,,15-25K·14薪,3-5年,本科,武汉洪山区武汉联讯仪器有限公司A16栋,C++开发,武汉,101200100,https://www.zhipin.com/job_detail/306c5bcacefe203c1Xxy2NS4EFVW.html,"职责描述：
1、跨平台的应用软件系统开发；
2、负责产品功能需求分析、软件系统架构/模块设计/UI/API调用代码编写、调试、测试；
3、配合硬件、逻辑、驱动等工程师进行调试，分析、定位、解决问题，开发相关调试工具和脚本；
4、负责产品应用现场问题解决、需求分析整理；
5、日常工作涉及软件开发全部流程，包括需求分析、概要设计、详细设计、开发、质量控制、维护、文档等。
任职要求：
1、本科或以上学历，计算机、电子通信等相关专业，本科5年及以上，硕士2年以上；
2、精通C/C++，熟悉cmake,掌握Linux/windows跨平台环境下的软件开发和调试，良好的编程技巧和编程习惯；
3、精通TCP/IP协议，熟悉通讯接口协议，熟悉多线程、STL/Boost等；
4、能够独立、成功、熟练的完成复杂专项开发任务，熟悉标准化的软件设计开发流程；
5、具备优秀的分析处理能力，能够独立、成功、熟练的完成复杂专项开发任务； 
6、工作耐心细致，有责任心；独立性强，具有团队合作精神。",在线,"苏州联讯仪器
·
HRBP",True,True,继续沟通,1784513989.657397,9d012ffe1bf44758bd772c37d6b18ae6
894c7792802230f81nZ72d69E1ZX,C++高级开发工程师,精测电子,,15-25K·13薪,3-5年,本科,武汉江夏区武汉精测电子集团股份有限公司(新总部)-厂房流芳园南路22号,C++开发,武汉,101200100,https://www.zhipin.com/job_detail/894c7792802230f81nZ72d69E1ZX.html,"工作职责:
1、参与项目需求分析，进行系统框架和核心模块的详细设计；
2、根据新产品开发进度和任务分配，开发相应的软件模块；
3、根据公司技术文档规范编写相应的技术文档；
4、根据需求不断修改完善软件；
5、编制项目文档、记录质量测试结果；
6、完成程序测试；
7、研究项目技术细节，编写相应的说明书。
任职资格:
1、本科及以上学历，通信、电子、计算机类相关专业；
2、本科5年以上，研究生3年以上相关工作经验；
3、扎实的C/C++语言编程基础；
4、精通ARM/X86/PPC等处理器架构，熟悉GNU Makefile文件；
5、精通各种接口的协议，如PCIE，USB，IIC，UART，SPI等；
6、能够熟练阅读英文技术资料并进行设计文档编写；
7、具备一定的硬件基础，能查阅原理图。",在线,"精测电子
·
招聘负责人",True,True,继续沟通,1784514000.0518599,9d012ffe1bf44758bd772c37d6b18ae6
cdd4c1f694e90a7f03d539-4FVpU,C++后台开发工程师（Linux）,优品投顾,,12-16K,3-5年,本科,武汉洪山区湖北广电传媒大厦22F,C++开发,武汉,101200100,https://www.zhipin.com/job_detail/cdd4c1f694e90a7f03d539-4FVpU.html,"工作职责：
1. 负责后台Server的开发，包括后台系统架构设计和讨论及系统编码工作。
职位要求：
1. 计算机相关专业大专及以上学历，3年以上Linux后台开发相关工作经验；
2. 具有较扎实的C/C++等语言基础，熟练掌握常用的数据结构；
3. 有较丰富的TCP/IP、多线程、多进程编程经验；
4. 熟悉Linux Shell常用命令，熟悉Linux服务器框架，熟悉分布式系统，有海量服务器开发经验优先；
5. 熟悉mysql数据库开发、熟悉nosql数据库redis或memcached开发；
6. 具备较好的沟通能力，对待工作积极主动，有责任感，并且对于新的技术知识有持续的学习内驱力。",在线,"优品投顾
·
招聘HR",True,True,继续沟通,1784514013.0272052,9d012ffe1bf44758bd772c37d6b18ae6
9f6d9f245cf1549f03d-0tq1EltX,C/C++开发工程师（数据库）,达梦数据库,,17-22K,3-5年,本科,武汉洪山区达梦中国数据库产业基地武汉市洪山区科技二路,C++开发,武汉,101200100,https://www.zhipin.com/job_detail/9f6d9f245cf1549f03d-0tq1EltX.html,"岗位职责：
1、负责数据库后端开发，设计并实现高性能、高可用的系统架构；
2、持续改进数据库优化器，提出方案并实现；
3、参与系统设计和开发，负责编写高质量的代码和文档；
4、负责解决技术难题和优化系统性能，保证系统的稳定性和可靠性；
5、参与团队技术分享和交流，推动团队技术进步。
任职要求：
1、计算机相关专业本科或以上学历；
2、精通C/C++语言，有rust语言或者GO语言开发经验者优先；
3、熟悉常用的数据结构和算法，具有良好的编程习惯和代码规范；
4、拥有数据库领域编码经验，熟悉SQL和存储引擎的优先；
5、具有良好的团队合作精神和沟通能力，能够承担一定的工作压力；
6、具有良好的学习能力和自我驱动能力，能够不断学习和掌握新技术。",刚刚活跃,"达梦数据库
·
招聘专员",True,True,继续沟通,1784514023.4376519,9d012ffe1bf44758bd772c37d6b18ae6
32535e336dd45b2103x_2tW5F1RX,电控开发软件工程师（数据中心软件开发）,天加环境,,12-22K,3-5年,本科,南京栖霞区栖霞区南京经济技术开发区恒业路6号,基础软件开发,南京,101190100,https://www.zhipin.com/job_detail/32535e336dd45b2103x_2tW5F1RX.html,"工作职责:
1、准确理解客户需求，熟悉产品开发流程；负责数据中心产品，如：双冷源风墙，房间级精密空调，氟泵等产品控制系统嵌入式软件开发、维护升级以及质量优化等工作；
    2、独⽴负责数据中⼼产品嵌⼊式软件的开发、测试、调试、交付等工作，包括业务需求的沟通，产品功能模块详细设计，客户业务功能实现与各模块单元测试，系统维护等；
3、优化程序代码，解决设备从厂验到交付，以及客户使⽤过程中的系统问题和新增需求。
任职资格:
1、	本科及以上学历，电子信息、控制工程或相关专业毕业；  
2、	熟悉数据中心产品系统，如：风墙、氟泵、精密空调等，具备3年以上实际产品软件开发经验；  
3、	C/C++基础扎实，熟悉裸机开发，熟悉嵌入式实时操作系统，如：uCOS， FreeRTOS, rt-thread, RTX等（精通一种）；
4、	熟悉2款以上主流单片机芯片架构，具备3年以上实际开发经验；
5、	熟悉各类通信总线接口，如：网络通信，RS485通信；熟悉各类通信协议栈，如：MODBUS通信协议，ProfiNet通信协议等，熟悉各类通信协议软件接口的设计、定义和实现，具备嵌入式网络通信实际开发经验；  
6、	具有较强的学习意愿和学习能力，善于研究新技术并应用于实际项目；  
7、	具有较强的团队合作精神，具有良好的沟通表达能力，责任心强，工作积极主动。",在线,"天加环境
·
HR",True,True,继续沟通,1784514051.588168,9d012ffe1bf44758bd772c37d6b18ae6
72d91efceb8ce0550nB-3dy7EFBZ,软件开发工程师,华晨宝马,,15-20K·15薪,3-5年,本科,南京建邺区领悦数字信息技术有限公司,基础软件开发,南京,101190100,https://www.zhipin.com/job_detail/72d91efceb8ce0550nB-3dy7EFBZ.html,"我们正在招聘一位大数据平台开发工程师，负责大数据平台相关系统的设计、开发、集成与优化，参与平台能⼒建设、AWS云原⽣架构落地及平台⼯具研发，并通过 AI 工具提升研发效率和工程质量。
岗位职责
 1. 负责⼤数据平台相关系统的设计、开发和优化，包括平台服务、工具链、接口能力及相关功能建设。
 2. 基于 Python 进行后端开发、数据处理、接口设计和工程化落地。
 3. 参与 AWS 云原生 环境下的平台开发、部署、集成和运维支持。
 4. 负责或参与基于 Terraform 的基础设施即代码（IaC）管理和云架构治理。
 5. 与产品、数据、业务及工程团队协作，推动需求分析、方案设计和项目交付。
 6. 使用各类 AI 工具 提升开发效率，包括代码生成、问题排查、自动化辅助开发等。
任职要求
 1. 本科及以上学历，计算机、软件、数据相关专业优先。
 2. 熟练掌握 Python，具备实际项目开发经验。
 3. 具备 AWS 云原生开发经验，熟悉常见 AWS 服务。
 4. 熟悉 Terraform，具备 IaC 管理经验。
 5. 有平台类系统、数据平台或相关工程项目经验。
 6. 有 AI 辅助开发 实践经验，能熟练使用 AI 工具提升研发效率。
 7. 具备良好的工程能力、沟通协作能力和问题分析能力。
加分项
 - 有 阿里云开发经验
 - 有大数据平台、数据中台或数据工具链建设经验
 - 有多云架构实践经验
 - 英语能力良好",3日内活跃,"华晨宝马
·
HRBP",True,True,继续沟通,1784514064.184194,9d012ffe1bf44758bd772c37d6b18ae6
492335f9a3f2c53a03192926FlFU,存储软件开发工程师,新华三技术有限公司,,15-25K·14薪,3-5年,本科,南京江宁区秣陵中心-C栋604,基础软件开发,南京,101190100,https://www.zhipin.com/job_detail/492335f9a3f2c53a03192926FlFU.html,"岗位职责：
1.负责下一代对象存储功能开发和性能优化工作。
2.参与下一代分布式存储产品的演进及优化工作，针对不同应⽤场景设置定制化的⽅案，例如AI训练、⼤数据等。
任职要求：
1. 本科及以上学历，计算机相关专业，3年以上相关工作经验，特别优秀者或工作经验符合的，可⾛特批流程，降低学历要求。
2. 梳理Linux操作系统、计算机网络、文件系统、IO、存储等计算机结构体系的知识。
3.掌握分布式系统基础理论，熟悉常见分布式存储系统，熟悉S3协议，有大规模分布式存储平台工作经验优先，有开源存储如ceph、hdfs等相关工作经验者优先。
4.有自研分布式存储系统经验者优先，熟悉文件系统的优先。",刚刚活跃,"新华三技术有限公司
·
HRBP",True,True,继续沟通,1784514074.509182,9d012ffe1bf44758bd772c37d6b18ae6
c6d0c3c45580a74d0nd82d25EFNY,软件开发工程师（智能网络设备）,凯易讯,,17-29K·13薪,3-5年,本科,南京雨花台区德讯科技大厦三楼,基础软件开发,南京,101190100,https://www.zhipin.com/job_detail/c6d0c3c45580a74d0nd82d25EFNY.html,"我们隶属于 Calix AXOS 团队，专注于智能化边缘网络设备的研发。
团队主要从事网络软件开发，并积极探索 AI 技术在接入⽹和边缘设备中的实际应⽤，⽬标是将智能化想法真正做成可落地、可量产的功能，而不仅仅是概念或原型阶段。
【工作职责】
- 开发和维护接⼊网相关的软件系统
- 参与智能边缘网络设备的软件设计、开发和交付
- 在真实网络和设备环境中进行问题分析、调试和解决
- 参与 AI 在接入网中的探索性项目，如智能诊断等
- 与跨团队协作，交付稳定、可靠、可商用的软件方案
【基本要求】
- 通信工程、计算机相关专业，本科或硕士学历
- 3-5 年嵌入式或实时操作系统相关经验
- 至少精通一门主流编程语言（如 C / C++ / Python）
- 较强的问题分析和动手能力，能深入系统解决实际问题
- 熟悉 Linux 操作系统
- 具备接入网基础知识，了解二层到四层网络，以及基本的 PON 概念
【加分项】
- 有机器学习或相关系统应用经验
- 接触过知识图谱等相关技术
- 有边缘 AI / 边缘智能相关经验
- 有智能诊断经验，如异常检测、设备健康监控、根因分析
- 有智能设备研发或落地经验",刚刚活跃,"凯易讯
·
招聘经理",True,True,继续沟通,1784514084.783077,9d012ffe1bf44758bd772c37d6b18ae6
e0d496c9c15734ba0nB82dm7EVdZ,软件开发工程师（出差波兰）,林洋能源,,12-16K,3-5年,本科,南京建邺区林洋能源江苏省南京市建邺区牡丹江街2号D1栋,基础软件开发,南京,101190100,https://www.zhipin.com/job_detail/e0d496c9c15734ba0nB82dm7EVdZ.html,"一、岗位职责：
1、参与ERP、MES、WMS项目需求调研、方案设计、技术评审，结合企业财务、供应链、生产、仓储等业务场景，输出合理的技术开发⽅案。
2、负责软件开发、调试、优化，完成报表开发、字段扩展、⾃定义功能、接口开发及数据迁移等核⼼开发工作，保障系统稳定运行。
3、负责开发系统与第三⽅系统（OA、CRM、WMS、MES）的集成对接，搭建稳定的数据交互接口。
4、排查解决系统运行中的技术故障、程序BUG，优化系统性能，保障各个系统高效、安全、稳定落地使用。
5、编写开发文档、技术手册、接口文档，配合实施团队、业务团队完成系统测试、用户培训及上线运维工作。
6、跟进开发软件版本更新及技术迭代，落地系统升级、补丁更新，适配业务长期发展需求。
二、任职要求：
1、本科或以上学历，计算机相关专业毕业，具有3年以上多语言软件开发经验；
2、精通Dynamics 365 F&O ERP开发体系，熟练掌握X++编程语言，精通AOT架构、数据字典、类、表、窗体、报表、菜单等核心元素开发与定制。熟练使用Visual Studio开发工具，掌握Dynamics 365插件开发、扩展开发、 overlay开发模式，熟悉版本管理与代码发布流程。
3、具备扎实的Java或.NET基础，熟悉VUE，Spring boot，Spring MVC ,SSH，SSM等开发框架，熟练使用Tomcat等第三方工具；熟练前端技术和框架HTML5、CSS、JavaScript、Vue、Uniapp等；
4、熟练使用主流关系型数据库，掌握存储过程，视图，触发器的编写；
5、熟练使用PowerBI或FineReport报表开发工具者优先考虑。
三、综合素质要求
1、能进行进行简单英语沟通，能够完成短期海外出差。
2、具备良好的沟通表达、逻辑思维及问题分析能力，能够高效对接业务、实施、测试等相关团队。
3、工作认真负责、严谨细致，具备较强的执行力和抗压能力，能够适配项目进度要求，按时完成开发任务。
4、具备良好的文档撰写能力，可规范输出技术方案、开发文档、接口手册等资料。
5、踏实有责任心，具有良好的团队合作精神。持续学习能力强，主动跟进新技术、新功能，不断提升专业技术能力。
出差波兰
英语作为工作语言
出差时长偶尔出差",,"林洋能源
·
总裁助理兼CIO",True,True,继续沟通,1784514095.7435079,9d012ffe1bf44758bd772c37d6b18ae6
4ecf181f6318b5480nZ_2dW0GFNU,AI平台软件开发工程师,天珑移动,,15-25K·14薪,3-5年,本科,南京雨花台区天珑电子楚翘城2号商务楼12楼,基础软件开发,南京,101190100,https://www.zhipin.com/job_detail/4ecf181f6318b5480nZ_2dW0GFNU.html,"岗位职责
1. 平台系统开发与维护
负责公司AI赋能相关的技术平台、数据服务、API接⼝和⼯具型产品的需求理解、架构设计、研发实现与⽇常维护；
深⼊参与后端服务、前端应⽤、AI模型集成、中间件等关键技术模块的设计与优化，持续提升平台稳定性、性能和易⽤性。
2. 多源数据接⼊与处理
主导多源异构数据接⼝的开发、数据接⼊清洗与流转，⽀持AI业务场景的数据需求；
协助建设⾼效、可复⽤的数据处理与分发流程，为上层应⽤和算法提供可靠⽀撑。
3. AI能⼒集成与⾃动化
实施AI/机器学习模型的系统级集成、服务化部署与调⽤，辅助项⽬团队完成模型上线、⾃动化测试与持续集成；
参与平台⾃动化运维、监控告警、CI/CD等开发运维流程设计与实现。
4. 技术⽂档与标准制定
负责输出关键系统设计⽂档、API说明、⽤户⼿册等技术资料；
参与平台规范、开发流程和技术标准的共建与优化。
5. 协同创新与团队赋能
主动与产品经理、算法⼯程师、测试运维、业务BP等协同，⾼质量推动项⽬落地；
分享技术经验，推动⼯程创新与团队整体开发能⼒提升。
任职要求
1. 本科及以上学历，计算机、软件⼯程、信息等相关专业优先；
2. 有2年以上平台/后端/全栈开发经验，熟练掌握Python/Java/Go等主流开发语⾔，并有实际系统⼯程开发经验；
3. 熟悉主流Web框架（如Django/Flask/Spring Boot等）及RESTful接⼝设计；具备分布式系统、微服务、消息队列、容器化（Docker/K8s）等实战经验优先；
4. 了解基础的数据存储、缓存、中间件及数据库设计，具备⼀定的数据理与数据集成能⼒；
5. 有AI平台（如数据标注平台、模型管理平台、API⽹关、中台⽀撑系统）、数据产品或相关系统开发经验者优先；
6. 具备良好的技术⽂档编写、规范意识和团队协作能⼒，主动沟通、责任⼼强。",在线,"天珑移动
·
HR",True,True,继续沟通,1784514131.3160949,9d012ffe1bf44758bd772c37d6b18ae6
0c6d1914852ad0191HJ_2NS8EFRR,嵌入式软件开发工程师,中新赛克,,15-30K,3-5年,本科,南京江宁区南京中新赛克科技有限责任公司,基础软件开发,南京,101190100,https://www.zhipin.com/job_detail/0c6d1914852ad0191HJ_2NS8EFRR.html,"岗位职责：
1. 根据产品需求和系统方案，独立完成 BSP、驱动及相关软件模块的详细设计编写与评审；
2. 根据详细设计完成编码、单元测试和集成测试，分析解决测试和联调过程中的故障问题；
3. 负责 U-Boot、Linux Kernel、设备树、Rootfs、启动流程等 BSP 相关开发移植，支撑 ZynqMP、Jetson Orin 等平台的板级 bring-up、外设适配和疑难问题定位；
4. 负责 PCIe/XDMA 相关驱动调试和问题分析，包括 PCIe 枚举、BAR 空间映射、中断、DMA 数据传输、Linux 侧设备识别、链路稳定性等问题定位，配合 FPGA 侧完成 AXI/寄存器映射及数据通路联调；
5. 负责底层软件技术难点攻关，配合硬件、FPGA、应用和测试团队完成系统联调、故障闭环和经验沉淀。
任职要求：
1. 本科及以上学历，通信、计算机、电子等相关专业；
2. 精通 C 语言开发，3 年及以上嵌入式 Linux BSP 或驱动开发经验，有良好的编程风格和问题分析习惯；
3. 熟悉嵌入式系统 U-Boot 移植、Linux 内核裁剪、设备树配置、Rootfs 制作，熟练使用常用开发调试工具；
4. 熟悉 Linux 常见总线和设备驱动开发与调测，包括但不限于 I2C、SPI、PCIe、UART、USB、网口、块设备等；有 PCIe 3.0/4.0、XDMA、AXI DMA 或类似高速数据通路开发调测经验的优先；
5. 熟悉 ARM 架构的 CPU/SoC/GPU 平台，有 Xilinx ZynqMP PS 侧 BSP/驱动开发经验，或 NVIDIA Jetson Orin 平台 BSP、PCIe、外设适配经验的优先考虑；
6. 理解 PCIe 基本调试流程，熟悉 RC/EP 枚举、BAR 地址空间、中断、DMA 传输、地址映射、缓存一致性等基础机制；能够结合内核日志、寄存器状态和硬件信号定位软硬件联调问题者优先；
7. 具备责任心，有较强的自学能力、团队协作能力，以及良好的分析和解决问题能力。",3日内活跃,"中新赛克
·
部门经理",True,True,继续沟通,1784514145.58994,9d012ffe1bf44758bd772c37d6b18ae6
210385576b29c4620nF_3d-8FlBY,FNV 车载云端嵌入式软件开发工程师,优华劳斯,,14-26K,5-10年,本科,南京江宁区福特汽车工程研究(南京)有限公司福特,基础软件开发,南京,101190100,https://www.zhipin.com/job_detail/210385576b29c4620nF_3d-8FlBY.html,"一、岗位职责
1.负责FNV事件云端上报、远程诊断模块嵌入式软件开发，适配Linux/QNX车载系统2.配套开发单元测试、自动化测试程序，覆盖功能、接口、压力、异常、故障恢复全场景3.验证OTA升级、SOA以太⽹TLS加密通信、车云数据端到端传输功能，模拟断⽹、安装包损坏、存储空间不⾜等边界异常
4.评估软件运行CPU、内存、带宽资源占用，输出系统性能评估报告5.使⽤Wireshark、CANoe抓包分析网络/总线日志，完成缺陷预分级、根因定位6.遵循ASPICE流程输出软件包、单元测试覆盖率报告、版本交付材料
二、任职要求
（1）.基础硬性条件
1.学历:本科及以上学历，电子电气、车辆工程、自动化、计算机、嵌入式软件等相关专业
2.工作年限:5年及以上车载嵌入式软硬件开发/整车测试完整项目经验
（2）.通用基础能力
1.语言能力:英语读写听说流利，可独立阅读英文需求、规范文档，支持全英文跨团队沟通
2.工具配备:自备办公笔记本电脑，配备常规车载总线测试工具
3.证书加分:持有有效机动车驾驶证优先，入职后配合考取福特内部试驾资质
4.行业储备:熟悉ASPICE、ISO26262功能安全、ISO21434车载网络安全、MISRA编码规范;有ADAS、IVI车载电子项目交付经验优先
5.综合素质:优秀跨部门沟通协作能力;结果导向、节点意识强;高度责任心，主动跟进问题直至闭环;遵守福特园区保密、信息安全管理制度;接受每月短期异地出差安排
(3).岗位专项技能
1.精通嵌入式C/C++开发，熟练使用Python脚本，具备QNX/嵌入式Linux车载开发经验
2.熟练使用Git、VS Code、车载测试Web服务等开发调试工具
3.熟悉ASPICE标准化软件开发流程，有实操落地经验优先
4.具备ADAS台架、实车软件调试与交付经验
5.熟悉车载网络安全、车云交互、远程诊断、OTA升级完整业务逻辑",刚刚活跃,"优华劳斯
·
hr",True,True,继续沟通,1784514156.118071,9d012ffe1bf44758bd772c37d6b18ae6
85f3a732944c649a0nB_09--FldR,初中级嵌入式软件开发工程师（线上面试）,深圳易立德,,9-13K,1-3年,初中,南京水阁路33号1,基础软件开发,南京,101190100,https://www.zhipin.com/job_detail/85f3a732944c649a0nB_09--FldR.html,"【初级嵌入式软件开发工程师】
1、了解基本的测试理论、测试方法，如黑盒测试、⽩盒测试理论，边界测试、鲁棒性测试⽅法;
2、了解C语⾔基础知识;
3、了解常见通信接口，如串口、CAN等;
4、会使用常见测试工具，如串口调试助⼿、CAN调试工具等;
5、具有1-3年嵌入式软件开发\验证相关工作经验或项目经验(软件、控制工程等相关专业硕士算2年经验);
6、本科及以上学历。
【中级嵌入式软件开发工程师】
1、具有黑盒测试、白盒测试、边界测试、鲁棒性测试相关测试设计和工程实践经验;
2、掌握C语言基础知识，具有独立分析并定位代码问题的能力;
3、熟悉一种及以上通信协议测试，如ARINC429, SPI、 IIC、 CAN/ARINC825,ARINC664、串口等;
4、熟悉一种及以上的测试工具(如调试助手、示波器等);
5、具有自动化测试方案制定或自动测试脚本开发经验;
6、具备使用自动化测试工具或覆盖率分析工具的使用经验，掌握自动测试或覆盖率分析的基本原理和要求;
7、了解 D0-178,IS0 26262、GJB 5000等7.行业标准之一;
8、具有3-5年嵌入式软件开发\验证相关工作经验或项目经验(软件、控制工程等相关专业硕士算2年经验)；
9、本科及以上学历。",在线,"深圳易立德
·
招聘经理",True,True,继续沟通,1784514166.9534411,9d012ffe1bf44758bd772c37d6b18ae6
9baea3908610aac30nB409m8FVBR,应用软件工程师,海德斯,,18-28K,3-5年,本科,南京雨花台区海科创智中心2号,基础软件开发,南京,101190100,https://www.zhipin.com/job_detail/9baea3908610aac30nB409m8FVBR.html,"职位职责
（1）负责DDS软件、GIS应用软件的二次开发；
（2）负责通信组网应用软件功能开发；
（3）负责态势、筹划、指挥、保障等相关软件功能开发；
（4）深⼊理解指控软件框架，负责软件功能编配和席位编排等功能开发；
（5）按照国军标或相关标准完成项⽬技术⽂档编制；
（6）完成领导交代的其他任务
任职要求
（1）全日制统招本科以上学历，计算机、软件工程、通信、⾃动化等相关专业；
（2）至少3年以上C/C++开发工作经验，熟练运用 C++11 及以上新特性，具备良好的数据结构与算法基础，熟练应用常见的设计模式；
（3）有至少1年以上基于QT开发框架的跨平台应用软件开发工作经验；
（4）具备良好的逻辑思维和文档编制能力，能够独立编写需求规格说明、软件设计说明等技术文档；
（5）有指控软件、DDS或通信组网、音视频相关软件开发工作经验优先；
（6）有军工企业应用开发经验者优先。",3日内活跃,"海德斯
·
人力资源经理",True,True,继续沟通,1784514181.432272,9d012ffe1bf44758bd772c37d6b18ae6
